iters,res,f,objs
0,0.71500003,0.4,0.0369985816650236
0,0.8225,0.2,0.033614122257308345
0,0.6075,0.6,0.04423434991098404
0,0.66125,0.3,0.03886917550876532
0,0.87625,0.7,0.03431661756648074
0,0.76875,0.1,0.033530471613448416
0,0.55375,0.5,0.04952110279558227
0,0.580625,0.25,0.043804367283467635
0,0.795625,0.65000004,0.034618655927340654
0,0.90312505,0.05,0.03593687491003532
0,0.688125,0.45000002,0.038451020362472096
0,0.634375,0.15,0.038183822586504025
0,0.849375,0.55,0.03392702504117963
0,0.741875,0.35,0.03595973677885528
0,0.526875,0.75,0.054548976339804454
1,0.7605176934527372,3.820615451134495e-05,0.040727391501743086
1,0.7953691823862866,0.0552641255334467,0.03472049127813044
1,0.792319525349399,0.053270189571224494,0.03485306771792266
1,0.8006878918347633,0.04236485885076191,0.03515834933019355
1,0.7917457255362634,0.10335487432620126,0.03324231279606047
1,0.7688511325636785,0.00048745260432462786,0.04052891368626171
1,0.8006878918347633,0.04449313752029346,0.035048292217123564
1,0.755305595925684,0.001055385667733992,0.04064111851244751
1,0.7979074539574975,0.014840445328504343,0.03864025003103416
1,0.8062156725716744,0.01849379904905687,0.03811587087793098
1,0.760187735221914,4.0356952933715625e-05,0.040729730685750136
1,0.7993389940276632,0.011194484014809903,0.03926020081821851
1,0.7855033856427766,0.03729940514963902,0.03574974907652286
1,0.8007493828352733,0.09462492754637405,0.03326364580113237
1,0.7855033856427766,0.03820869491742421,0.035667946049409906
2,0.837118592873307,0.12053113044565995,0.03293100309368563
2,0.8308248662507559,0.11279845756250313,0.03295681434552283
2,0.8132973454273311,0.11161781104452984,0.03303278327885191
2,0.8140485086508473,0.11664119448053425,0.033033208263057584
2,0.8344266516097596,0.1261914624434751,0.03293198177735584
2,0.8116358700950204,0.11056491798819819,0.03305436379882003
2,0.8135981903497739,0.11230087434143265,0.03305381230919277
2,0.8423862620741013,0.1261914624434751,0.03299422397066227
2,0.8228218267449606,0.11568594653483946,0.03297430550977422
2,0.859025801887012,0.1314754833649802,0.03309469515050458
2,0.8336747673473165,0.12590857867246916,0.03295497534642221
2,0.8206283356508995,0.11807166617496294,0.03296261762238949
2,0.8288482356137057,0.10798630071243454,0.03298652424013621
2,0.8124066537797415,0.12819237651041684,0.03303347492403099
2,0.8014177577647098,0.11965876124202093,0.03305031081255079
3,0.8265186542232236,0.10974558912934225,0.032975616076767286
3,0.8343501705720141,0.11609576991098344,0.03294141551346067
3,0.7553125023841858,0.7750000357627869,0.036269212404682845
3,0.9299939064479686,0.16644313805452496,0.03677417480797341
3,0.92999911112826,0.18908483629490522,0.03687153196657687
3,0.5403125286102295,0.375,0.050803520394603625
3,0.8289217597374843,0.1159513212730547,0.032943661131363475
3,0.8415141884454032,0.11609675027408684,0.033012342901929406
3,0.82685872082517,0.11864154815921651,0.03293586179981011
3,0.9299628206968582,0.17333654419153569,0.03680956936657411
3,0.9299968924666028,0.20368329360207213,0.03684412444860963
3,0.8511705475023846,0.11076640991464443,0.03309925817396233
3,0.9298038439727708,0.17182650868736088,0.03678812150446079
3,0.9299604744009516,0.18067390401284367,0.03684688509447683
3,0.8408923218121487,0.13068201996751877,0.032979426323734885
4,0.6478124856948853,0.574999988079071,0.04105253598585813
4,0.8628125190734863,0.17499999701976776,0.03345659577293087
4,0.8343366304806039,0.12532761716688073,0.0329321700295361
4,0.8285735438730449,0.11776456914205688,0.03293631295893502
4,0.8378832988501269,0.131194984083715,0.03292427719458123
4,0.832712109527925,0.12090787034736317,0.0329586593069912
4,0.8339421008268535,0.12045036689922685,0.03296420329893749
4,0.8090624809265137,0.2750000059604645,0.0337029027070262
4,0.8289910803864194,0.12116516379093781,0.032929341937182055
4,0.8282512724923402,0.11896387157895487,0.032939636525530794
4,0.7015625238418579,0.07500000298023224,0.03573800456266761
4,0.8284699053714679,0.12533953662571246,0.03292721311144433
4,0.9165624976158142,0.4749999940395355,0.03608856618408305
4,0.826477735699857,0.12690220571246827,0.03292875652614021
4,0.5940625071525574,0.675000011920929,0.046381456148378644
5,0.8303784118920697,0.12882920564730407,0.032924107404345065
5,0.8291066594773723,0.13038274262845945,0.032927000127118904
5,0.8257630524029487,0.13109998005050066,0.0329305028217099
5,0.8290084937481207,0.1278714817075133,0.032925404726775784
5,0.8310850017508724,0.13109998005050066,0.03292658808766284
5,0.8307378281244979,0.13153288023710394,0.03292727645982295
5,0.8266948148187632,0.11828292611779412,0.032936419296120276
5,0.8325350511823727,0.1251810831490391,0.032951240482006414
5,0.8282009080774845,0.13248784905163802,0.03293450127522791
5,0.567187488079071,0.125,0.04502934250933377
5,0.8896875381469727,0.32500001788139343,0.03391124315546092
5,0.7821874618530273,0.5250000357627869,0.03482779114459559
5,0.8290644449760359,0.11785980984416183,0.032936528698668026
5,0.8324037250868576,0.12172873032073689,0.03295608866645945
5,0.8363932359558155,0.12815865582379202,0.03294179889800307
6,0.8282123859927456,0.12384348012393549,0.03292951748366067
6,0.8301324973830753,0.1254355023797084,0.03292298672606547
6,0.8318486015115277,0.13408972226342206,0.03293538241832118
6,0.6209375262260437,0.22500000894069672,0.0401798549447148
6,0.8299677834257015,0.1272218693301482,0.03292410035206058
6,0.8313155420128302,0.13447815556736606,0.03293544151970122
6,0.8305128917414694,0.12798736101877511,0.0329239422841159
6,0.8303784132003784,0.1339661798605221,0.03293372375467516
6,0.8305103345636421,0.12796010715025222,0.032923941096213556
6,0.8297776037744787,0.13006969189117534,0.03292612358242353
6,0.8313015213647978,0.1341682591997613,0.03293482127952051
6,0.829404368981425,0.13093870698838728,0.03292748861737433
6,0.8359375,0.625,0.033992751783845414
6,0.6746875047683716,0.7250000238418579,0.03982993123257407
6,0.8335790987856653,0.1288050402556243,0.0329559882658589
7,0.7284374833106995,0.02500000037252903,0.03826004013259064
7,0.735156238079071,0.612500011920929,0.036849959729726954
7,0.8265141248744056,0.12844260309783895,0.032929589977143466
7,0.5201562643051147,0.21250000596046448,0.05300739358333699
7,0.8268462122904591,0.1251951779405252,0.03292240616596078
7,0.6276562213897705,0.4124999940395355,0.04172488864397393
7,0.5134375095367432,0.42500001192092896,0.05574064113460164
7,0.8426562547683716,0.012500000186264515,0.03931294540379354
7,0.5739062428474426,0.7125000357627869,0.04756578507010064
7,0.8964062929153442,0.512499988079071,0.034597590663318065
7,0.8275409882010845,0.12597480905322103,0.03292516583290391
7,0.7889062166213989,0.3125,0.03403521111170047
7,0.8295071150419151,0.12271075811803775,0.03292652839331658
7,0.825090845413205,0.12691994809330465,0.03294290344434087
7,0.6814062595367432,0.11250000447034836,0.03539375042831739
8,0.8290999534769461,0.12949447235064934,0.032926404604608064
8,0.8319450754558854,0.13111316929246913,0.032927621950199895
8,0.8157812356948853,0.4625000059604645,0.034105773339224106
8,0.9232812523841858,0.26250001788139343,0.036450356635233
8,0.5335937738418579,0.1875,0.05022489844001198
8,0.7620312571525574,0.16250000894069672,0.03390667641081536
8,0.600781261920929,0.0625,0.042232253741245965
8,0.5470312237739563,0.5625,0.050843972820724004
8,0.6545312404632568,0.36250001192092896,0.040005219697085155
8,0.8303604494592479,0.12695974996513612,0.03292244758524538
8,0.8321239874062015,0.11571096987767177,0.03294678841138005
8,0.8293576280711787,0.13182571726831754,0.03293025503875511
8,0.7082812786102295,0.6625000238418579,0.03784050161592436
8,0.7485937476158142,0.5875000357627869,0.03641684554591208
8,0.8695312738418579,0.762499988079071,0.034233640636773505
9,0.8323064055742309,0.12767626356047962,0.032951908180536706
9,0.8560937643051147,0.38750001788139343,0.03357369175575044
9,0.6948437690734863,0.2874999940395355,0.0370719065345473
9,0.8294928988299505,0.12890979233813601,0.032925781098562215
9,0.8320084332775491,0.12437940827701388,0.03292468776650429
9,0.8294273469221599,0.12656251625206422,0.03292344990030701
9,0.8304520460306914,0.12987097384560914,0.03292489337285169
9,0.8304610430683959,0.13281172240376898,0.032930612502013436
9,0.8292276300997493,0.12834691884944735,0.032925396581721514
9,0.8304520460306914,0.127635337941035,0.032923767397031053
9,0.8278677594841869,0.12639827990499308,0.03292642424864127
9,0.8277185099187914,0.13402877943240152,0.03294211955886904
9,0.6410937309265137,0.7875000238418579,0.04160479904199714
9,0.8319432949617058,0.1321694921015379,0.032929824941598566
9,0.8304195005970924,0.12485552825259973,0.03292173284305523
10,0.8279160637662314,0.12909620240473865,0.03292851978520292
10,0.5067187547683716,0.637499988079071,0.057601382892911245
10,0.8023437261581421,0.08749999850988388,0.03338112445095828
10,0.9098437428474426,0.6875,0.03555203633494293
10,0.8275731681586337,0.12895732011418998,0.032927386105583954
10,0.66796875,0.5375000238418579,0.03981897509780972
10,0.5873437523841858,0.48750001192092896,0.04496352284273505
10,0.6142187714576721,0.03750000149011612,0.04223947071589185
10,0.5604687333106995,0.3375000059604645,0.04800881346434315
10,0.8291550488423717,0.12372188941237955,0.03292470818919969
10,0.7754687666893005,0.737500011920929,0.03527061395633977
10,0.8292187452316284,0.4375,0.03382790474976064
10,0.8829687833786011,0.13750000298023224,0.033803002012612264
10,0.7217187881469727,0.23749999701976776,0.035670986426783534
10,0.8274961017953706,0.127812982671278,0.032926363421007514
11,0.8325781226158142,0.11874999850988388,0.03296267715935687
11,0.8297704602568481,0.127062667168802,0.03292390087485506
11,0.82611519250988,0.12874034223309627,0.03292909027834808
11,0.8280383265491043,0.12223870832036066,0.0329317926433521
11,0.5100781321525574,0.3187499940395355,0.05666726434858034
11,0.8334173791197151,0.13114188966587043,0.032957340079185306
11,0.8302439572308042,0.12523148840127865,0.03292161982202991
11,0.8267673655984596,0.11966789344784007,0.03293295941424267
11,0.8292753580116342,0.12204336821819223,0.03292720992351529
11,0.82837260842331,0.12714249594983223,0.03292720607771123
11,0.8292107788650327,0.12700258082077065,0.032923998645998105
11,0.7250781059265137,0.71875,0.037330146657545867
11,0.829268932142252,0.12523753159612006,0.03292290999963367
11,0.8281488743395999,0.12526276253528407,0.03292762810245479
11,0.8276266527886512,0.12676061890777615,0.0329258948759183
12,0.6713281273841858,0.01875000074505806,0.040657026373855105
12,0.8286986602238307,0.12782620903428127,0.03292976697672833
12,0.8279438383940481,0.12610566765733847,0.03292650474707748
12,0.8289481512228413,0.1310082805256427,0.03293347632545657
12,0.8292764821322114,0.1259852421920822,0.032922900866897635
12,0.8299550556007359,0.13180076807377947,0.03292987738560823
12,0.828036237146601,0.13045874731248647,0.03292970752802759
12,0.8280561900186827,0.125945030833839,0.032926883742724386
12,0.8286459181628069,0.12797649898063349,0.03292947524851849
12,0.828020985657027,0.12545390517728158,0.03292691743109873
12,0.8278605078288149,0.12676180331728087,0.03292665123425832
12,0.8863281011581421,0.41875001788139343,0.033972854591814865
12,0.7788281440734863,0.21875,0.034256453077572684
12,0.6175781488418579,0.518750011920929,0.04298965802415773
12,0.8279364014714953,0.12746048526940898,0.0329274462404595
13,0.8594531416893005,0.668749988079071,0.03403191671725702
13,0.828937923923813,0.12793789706084382,0.03292549890334666
13,0.6982031464576721,0.768750011920929,0.03836884518417128
13,0.8290317155489711,0.13182655502221863,0.03293590056574976
13,0.6444531083106995,0.26875001192092896,0.03947650787294149
13,0.8290726242488649,0.12793789706084382,0.032925204563593546
13,0.5907031297683716,0.16875000298023224,0.04148624110609804
13,0.8302348123603058,0.12793789706084382,0.03292358873766548
13,0.8297133216880915,0.1280068083414215,0.032924902632537535
13,0.8293910841673711,0.12436546137333117,0.03292324484515631
13,0.8057031631469727,0.5687500238418579,0.03434932705110012
13,0.8282823147513122,0.12789733668757633,0.032927488080596985
13,0.5638281106948853,0.6187500357627869,0.04858238088756887
13,0.8293083215639951,0.13181030466598265,0.03293024570681425
13,0.9132031202316284,0.3687500059604645,0.035395598049843886
14,0.8300944980956256,0.12445405987122828,0.03292300744345575
14,0.829660165544941,0.12978823790373545,0.03292620742590362
14,0.8300564395314036,0.12792300715687377,0.03292492893799494
14,0.92999998658629,1.4471719250991147e-09,0.045099586684692605
14,0.9299985847874822,8.731805600779662e-07,0.04509903910993156
14,0.8300893932552326,0.12597479607060577,0.03292301854300032
14,0.9299987911739852,1.0562609142248627e-06,0.04509896797158496
14,0.8300907630388649,0.1260008043298402,0.03292302434316966
14,0.9299989090064245,1.9592732000111396e-06,0.045098518515018844
14,0.9299973681187478,6.794857860470444e-07,0.04509904551809786
14,0.8290207604061139,0.12475421431246025,0.032923420580238706
14,0.8300519989588027,0.13196152612377296,0.03292984721520955
14,0.828103389114112,0.12674464835015758,0.03292751140254312
14,0.8292149745605207,0.12578065203979943,0.03292281763052236
14,0.8304662526114882,0.12513432615616835,0.032922255635225224
15,0.7116405963897705,0.39375001192092896,0.037153142773875165
15,0.8270100588885194,0.12827674721416157,0.032923563577580583
15,0.5369531512260437,0.46875,0.051718532695095694
15,0.830325703784912,0.12429637807734471,0.03292200620922507
15,0.8728905916213989,0.29375001788139343,0.03358680616894216
15,0.5503906011581421,0.09375,0.047207909396817405
15,0.8276605984766967,0.124735149643791,0.03292600358438589
15,0.751953125,0.06875000149011612,0.03476976453465652
15,0.7653906345367432,0.4937500059604645,0.035772872015808914
15,0.8263816113969056,0.1268349880365971,0.032928449423818215
15,0.8298491131237798,0.12936025156960346,0.03292595518083084
15,0.6578906178474426,0.6937500238418579,0.040784347876789674
15,0.8297901699381354,0.12708365179351247,0.0329239221730314
15,0.8300847792193405,0.12713088435513736,0.03292403288935873
15,0.8274409582611109,0.12708639418493176,0.03292550427422486
16,0.8191406726837158,0.19375000894069672,0.033625376233469076
16,0.8299157316036418,0.1270265449577806,0.03292385510500447
16,0.8368559089651496,0.1469114373611037,0.033001002079780496
16,0.8296816385044086,0.1284868499805205,0.032925279817070364
16,0.8301178606801412,0.12314210561190363,0.03292560039962247
16,0.8357365731873978,0.14164259754364739,0.03297198172754777
16,0.839611293118261,0.14644103434979547,0.03300259126681516
16,0.8303331374069363,0.1264609091919409,0.032922187441653324
16,0.8362486726471519,0.14524314383754988,0.03301018167288156
16,0.6041406393051147,0.59375,0.04491762338161953
16,0.828398756893163,0.1250431235168786,0.032927071300174325
16,0.5772656202316284,0.24375000596046448,0.04416683606520392
16,0.8292892682945978,0.12950313075569275,0.03292614975398835
16,0.9266406297683716,0.793749988079071,0.03682085985605299
16,0.82968403704709,0.1269231547730049,0.032923728096059625
17,0.8655197097092553,0.0963769582630323,0.03349992612265587
17,0.8997656106948853,0.04374999925494194,0.03640585333185833
17,0.865292258358686,0.09129671343007102,0.03326213155278019
17,0.6310156583786011,0.14374999701976776,0.03827835854676537
17,0.865621064635213,0.09425518905387917,0.03353261355517281
17,0.8299841712153749,0.12619223844080102,0.03292312364518291
17,0.8460156321525574,0.543749988079071,0.033878764187105094
17,0.8305734116457438,0.1263594318135104,0.03292245929252716
17,0.864985504051008,0.0922284409138145,0.03323782193994631
17,0.8304075196515367,0.12469185983875777,0.0329218122543853
17,0.8644362804968299,0.09667519356063392,0.0334741927151735
17,0.7922656536102295,0.643750011920929,0.03468409026102559
17,0.8290122671670757,0.1256636436737568,0.03292339667899585
17,0.8658303847151895,0.09678708741824542,0.033501748563740726
17,0.684765636920929,0.4437499940395355,0.03856249841499688
18,0.8523167979501827,0.07347951103195825,0.03360979800906579
18,0.8534896491966382,0.07954136447389296,0.03363394577535274
18,0.8534835132776009,0.07566995907516205,0.03352995574651423
18,0.8534895611029581,0.07776067302676432,0.033441928343768204
18,0.8529427974423074,0.07783778848576547,0.03371344596939702
18,0.8509809910860411,0.07846606009838518,0.03366678427656457
18,0.852627903142178,0.08190531809293983,0.033560276757241964
18,0.8522632253725158,0.08049929094024032,0.03361365088717323
18,0.8299187354037558,0.13388610040949042,0.032934895531678665
18,0.8522952486938524,0.0777973935234423,0.033722659538387455
18,0.8513099135467829,0.08039367498547342,0.03357124476794154
18,0.849743850130093,0.07812968569675838,0.03370401505101232
18,0.8533505587133906,0.07367575393792661,0.03359717959824404
18,0.8510452597956498,0.07467746059148013,0.033558361903604284
18,0.8502985812759024,0.08070295753017173,0.03360313916310311
19,0.8297940660861792,0.12890719622892838,0.03292562651794629
19,0.7317968606948853,0.5062500238418579,0.03675531504994151
19,0.8299605857983713,0.12914252721288177,0.03292572361678946
19,0.8311685317225633,0.13104454682210867,0.032926518518303964
19,0.5235156416893005,0.7437500357627869,0.05514991666767655
19,0.8301030699235943,0.12888129662242018,0.032925587220944144
19,0.7385156154632568,0.34375,0.03583141279785139
19,0.8335197465792705,0.12786178211943394,0.03295509029222733
19,0.6242969036102295,0.706250011920929,0.04306144619797602
19,0.8392968773841858,0.3062500059604645,0.03331920256570009
19,0.516796886920929,0.10625000298023224,0.05290910418605188
19,0.8287332758862397,0.12201266379762826,0.032928164719075635
19,0.8283831013697026,0.1314613141604413,0.03293171235620146
19,0.8301427944569799,0.12589017555616464,0.03292297800649485
19,0.8299618609337318,0.12781666193093894,0.03292484592261584
20,0.8930468559265137,0.606249988079071,0.03444394485051546
20,0.827657872614449,0.126392924061109,0.03292573157704535
20,0.5974218845367432,0.35625001788139343,0.04465633050151373
20,0.8276648127320857,0.12393206940999889,0.03292738032325137
20,0.8242031312863497,0.12428907211788247,0.032963915773191535
20,0.6780468821525574,0.20624999701976776,0.03692761012124458
20,0.8304826707650228,0.12407927681680558,0.032922820342072286
20,0.5705468654632568,0.40625,0.046663523155122066
20,0.8270559795712272,0.12161212036320768,0.03293013587387638
20,0.8302439451217651,0.12617237273183451,0.03292195795600677
20,0.829629923685252,0.12609941619558954,0.03292293955632939
20,0.7855468988418579,0.0062500000931322575,0.03993766435518361
20,0.8269766311339759,0.12449147753071645,0.03292447409424069
20,0.8271030115607194,0.12954201059805015,0.032924634168311824
20,0.8289050527064143,0.1252983191819577,0.032923435578041046
21,0.8343174143507169,0.1282568721054464,0.03293322589095704
21,0.8773742478422284,0.07644542932094414,0.034027792945506494
21,0.8773455990765191,0.0760368035604908,0.03404719850906921
21,0.8272312715042537,0.1280262597996819,0.03292600057328802
21,0.8793566861360629,0.07809511420237675,0.03404143787234545
21,0.8293313514166821,0.11961643085484971,0.0329314539492745
21,0.8273004106021706,0.12611882532297605,0.03292458492121129
21,0.8843263164851345,0.07440369630138383,0.034340421729389344
21,0.8288747606541291,0.13026495954082867,0.03293227046367083
21,0.8795505761795439,0.07548693243123965,0.034175850880299195
21,0.830211861163935,0.12431788256161289,0.03292190392226976
21,0.8288766048732064,0.12711286061853577,0.03292457657344431
21,0.8273277338791316,0.13014443730034186,0.03292544842966371
21,0.8794365008839342,0.07280891435511311,0.03429630977958191
21,0.8825263648870794,0.08052857624294799,0.03397400386352794
22,0.9299999155174687,0.07014037017808714,0.03691330664807762
22,0.8254579506677798,0.12678088134758664,0.03294316732938489
22,0.8273807952337348,0.13005624258125023,0.032927246555868796
22,0.8172566995531914,0.1393541209618336,0.03300507690468508
22,0.8274086791744331,0.12863287455211517,0.032926684263678695
22,0.8348388164776201,0.13056936845103037,0.03294187405348544
22,0.8349930045079236,0.1260893943327596,0.032941190192091366
22,0.9299961465246165,0.07119704044177466,0.03686692422507337
22,0.8283175529318196,0.12631958667993087,0.03292646471440476
22,0.8187764001192951,0.13958524537280925,0.03302075671691445
22,0.9299462057158381,0.075034772717937,0.036690552875975044
22,0.8195570142010731,0.14403386118548278,0.03304305051784952
22,0.8127487307131745,0.14735131153346503,0.03312519572891379
22,0.9299854473705206,0.07561278135034645,0.03680749681833407
22,0.8292721579647857,0.12678088134758664,0.03292379944055032
23,0.8287951281646659,0.12631586568097525,0.03292397703601936
23,0.8288713069983276,0.12456027220577849,0.03292374628594747
23,0.8290349785816191,0.12638528131522814,0.03292351770061926
23,0.8287805030834716,0.12687621191608323,0.03292990110349695
23,0.8124219179153442,0.7562500238418579,0.03441339736280825
23,0.8287219590007868,0.12323060708450782,0.03292541320195449
23,0.8262076634329718,0.1272245624535194,0.03292823111123314
23,0.919921875,0.15625,0.03578791562575934
23,0.8517593124345005,0.14361168698000987,0.033062083999305554
23,0.8303034055233716,0.12393324244692336,0.032922848012018766
23,0.8286889880410201,0.12412079508562295,0.032923911047147356
23,0.8287805030834716,0.12720399649012082,0.03293026054604558
23,0.8312782600234033,0.12720399649012082,0.03292392975477636
23,0.8303497799473306,0.12931714872480563,0.03292450147419391
23,0.8312775340039681,0.1275388216092905,0.03292431414431295
24,0.8257403275341318,0.11976924500848576,0.032929534890738445
24,0.8284549293353838,0.12631639976617928,0.03292715173877772
24,0.8263455678770609,0.12268587387115942,0.03292525423218772
24,0.8267247954821679,0.1259649388326415,0.03292164944676168
24,0.8661718368530273,0.45625001192092896,0.034003941591188164
24,0.651171863079071,0.05625000223517418,0.038740700733501034
24,0.8292730135297557,0.13047267551001196,0.0329269603216338
24,0.7049218416213989,0.5562500357627869,0.03779097418739202
24,0.8286193932451626,0.12917712490900324,0.03293003521044398
24,0.8285482859438339,0.12953825153039777,0.03292981127764167
24,0.8296856200017437,0.12716656250335542,0.03292401289146721
24,0.8296856200017437,0.12311544719494388,0.03292576557361654
24,0.8306615787225679,0.12400561481089166,0.032923066006818234
24,0.8284181796634926,0.14073650278314107,0.032960407306776976
24,0.8303713988635001,0.12302055759114273,0.032924818473278036
25,0.829089948999443,0.1292037073832103,0.03292632120131992
25,0.8269239984930767,0.12294955853366805,0.03292750177451582
25,0.8271505021812084,0.1233860122393414,0.032926929833835696
25,0.6914843916893005,0.18125000596046448,0.036040173145538014
25,0.852734386920929,0.08125000447034836,0.033584161398360964
25,0.7452343702316284,0.6812500357627869,0.03672073335568799
25,0.5302343964576721,0.28125,0.05181405674155153
25,0.8289978108175461,0.12913754238203584,0.03292644709137528
25,0.7586718797683716,0.2562499940395355,0.03481742697482331
25,0.6377344131469727,0.48125001788139343,0.04142894861171343
25,0.5436718463897705,0.65625,0.051766946853219746
25,0.8293429226742693,0.1248528146856388,0.032922952051119427
25,0.8287132887501495,0.13155739310306006,0.03293355601266582
25,0.8272270494995883,0.12624907541118963,0.032924486113457004
25,0.8287104041788089,0.12177093849121691,0.03292800194407082
26,0.8290186575102191,0.12393620174532782,0.03292461020523758
26,0.9064843654632568,0.581250011920929,0.035291830281125036
26,0.8325183726874172,0.12364629911364634,0.0329533532996681
26,0.7989844083786011,0.3812499940395355,0.03398891046950745
26,0.8303771996239288,0.1293700596793689,0.03292432614151874
26,0.8303400090341141,0.12494693310065684,0.03292170864288791
26,0.8331597106381111,0.12345034420058293,0.03295579718690749
26,0.8278883743849494,0.1268377966570338,0.03292679312081124
26,0.583984375,0.78125,0.04586754733951138
26,0.8308307319152919,0.1331307107222406,0.03293141582768393
26,0.8279100023445304,0.12739259826858484,0.032927278143038974
26,0.831335707634223,0.12503174161396094,0.03292316442713512
26,0.8303439688813803,0.13101420896289778,0.0329257425112415
26,0.8307921496436099,0.12131599805608832,0.032927969482710644
26,0.8337446537502838,0.12885537641258699,0.032956190986569836
27,0.6646093726158142,0.6312500238418579,0.04017909956182742
27,0.7183593511581421,0.13125000894069672,0.03447915845428079
27,0.8306089232999848,0.13122756005853228,0.03292653649892687
27,0.8280209959487461,0.12133402330536379,0.032933638891372366
27,0.5033593773841858,0.53125,0.058010061580481574
27,0.8258593678474426,0.731249988079071,0.034145969981489124
27,0.8796093463897705,0.23125000298023224,0.03402653871736151
27,0.6108593940734863,0.33125001192092896,0.042049131781603015
27,0.5571093559265137,0.03125,0.04822981066305869
27,0.7721093893051147,0.4312500059604645,0.03483641997911783
27,0.8294180916537154,0.13197347717073316,0.03293040036057164
27,0.8318563666446331,0.13277986164645325,0.032931934455867444
27,0.8273238590254095,0.12881105964846287,0.03292668757708465
27,0.5050390362739563,0.265625,0.056770750186746856
27,0.8309244826369665,0.128941208297294,0.0329249291242809
28,0.8308376788654421,0.12566873676200707,0.03292208964091043
28,0.83080457118779,0.12612243332713344,0.03292232517960603
28,0.8294865702122765,0.1280307864943218,0.032925065531337665
28,0.8297803196655442,0.12566873676200707,0.03292267622041833
28,0.8275390863418579,0.06562500447034836,0.0340954058390304
28,0.8812890648841858,0.565625011920929,0.03438315344824219
28,0.8297766019907987,0.1269842631955671,0.03292379392977036
28,0.6125390529632568,0.46562501788139343,0.04315307072280888
28,0.8297608293543723,0.13383102257027238,0.03293478067778616
28,0.6662890911102295,0.16562500596046448,0.03677563361278215
28,0.8286564405472819,0.1244776339172588,0.03292890321576428
28,0.8328396266810695,0.12523148953914642,0.032951956582702495
28,0.8298083273433136,0.12711015268777376,0.03292395000375199
28,0.8268416249975584,0.11366333198452737,0.03295520548811575
28,0.7200390696525574,0.6656250357627869,0.03743472830102097
29,0.8287019273075152,0.12982669008726708,0.03293089789920668
29,0.826153581419089,0.12627079584559323,0.032927643989110515
29,0.7737890481948853,0.3656249940395355,0.034483609700700475
29,0.8313272322773135,0.12422687704466413,0.03292364150680612
29,0.8294075505463219,0.12450129653499548,0.03292300965883855
29,0.8302126735407861,0.13062750596921008,0.03292545204376262
29,0.8299517612923749,0.12338659551400465,0.032925210148885616
29,0.8284562873937225,0.1281911884602587,0.03292853758160067
29,0.8267397873440532,0.12077156636418192,0.032930978000910285
29,0.693164050579071,0.6156250238418579,0.03859212577950882
29,0.558789074420929,0.765625,0.04992382535129295
29,0.8006640672683716,0.4156250059604645,0.034144464548415625
29,0.9081640839576721,0.21562500298023224,0.03541491828398629
29,0.828739986082988,0.12631579010899102,0.03292957585523
29,0.5856640338897705,0.015625,0.04622212468472353
30,0.8634633075687048,0.06604570268627166,0.03412532921844764
30,0.8619791114785267,0.08020494498194806,0.03344112643370352
30,0.8629286619232317,0.06821053361218608,0.03399780226636377
30,0.8627311736590728,0.06962563227673127,0.03393812806466647
30,0.8616167558165839,0.07861018289240794,0.03349786535390855
30,0.8619610201795685,0.07861018289240794,0.03349950595645664
30,0.8624081639857967,0.08069167701570526,0.033429356403965015
30,0.8631220878852115,0.06721372965768976,0.03405511703641105
30,0.8624230658061117,0.07322741064666712,0.033759500928632204
30,0.8621405858360975,0.07965791626583762,0.03346620388691312
30,0.8624607898932672,0.07212489372430694,0.033812913313830725
30,0.8632909133185948,0.08420034912816433,0.03338020700033374
30,0.8619606227385984,0.07471996055081997,0.03367555083304545
30,0.8625639837603356,0.07122606411954133,0.03382098966930056
30,0.8623866862583924,0.07307158984953152,0.03376691610017761
31,0.7603515386581421,0.5406250357627869,0.03592450689059113
31,0.8308726454058711,0.12545288739121047,0.03292233669550338
31,0.6528515815734863,0.7406250238418579,0.04129809475660238
31,0.8678515553474426,0.34062501788139343,0.03340549606007359
31,0.827277704931438,0.12236205253724655,0.03292895506813975
31,0.8293279957822667,0.12343922665692314,0.03292518702351939
31,0.7469140887260437,0.11562500149011612,0.03393428802262263
31,0.5453515648841858,0.140625,0.048231583998798386
31,0.6394140720367432,0.31562501192092896,0.040268392469958995
31,0.8298148995231205,0.1249363430536961,0.03292279687659271
31,0.829311368802665,0.12776720278756734,0.03292497306416312
31,0.5319140553474426,0.515625,0.05276204078959206
31,0.8301676630237026,0.1265824684846538,0.03292235769611359
31,0.8544141054153442,0.715624988079071,0.03401885184282232
31,0.8279837847993583,0.12676997693983091,0.03292707763391573
32,0.909217572362678,2.2333776090451706e-07,0.04268017748552842
32,0.8317022116451187,0.12410085333293462,0.03292464233881636
32,0.8537500548270894,4.395424310912261e-09,0.0410711697906605
32,0.8816525839221102,6.38331934469717e-09,0.04189307338772656
32,0.8706745439607858,0.175577403280603,0.0336508665664792
32,0.8689853483982838,0.2073644164098873,0.033813413349732147
32,0.870927840344195,0.16775917008220248,0.033582774704902306
32,0.8355143062803692,0.11209294542571818,0.03295814530530019
32,0.8720413001629662,0.1500540051916365,0.03350654492211939
32,0.8700700139056821,0.1879476140938693,0.03380218793800589
32,0.8690440613115652,0.2044735064433803,0.033814543049723284
32,0.8317022116451187,0.12538116856175088,0.032923825450665224
32,0.8695411752597183,0.19781810110937836,0.033810550783578086
32,0.8722388332513336,0.14229372421351125,0.03348136230949859
32,0.8714959273111031,0.1599509051901048,0.03353454672836552
33,0.8300657417164039,0.12388977386998849,0.032924251792033385
33,0.5722265839576721,0.390625,0.04635101189914102
33,0.829006993091917,0.12607775165521087,0.03292331591732263
33,0.894726574420929,0.19062499701976776,0.03463133424472085
33,0.8302462360053747,0.1264726956062799,0.03292222367931559
33,0.9216015338897705,0.640625,0.03655592412970965
33,0.6797266006469727,0.590624988079071,0.03930565149733227
33,0.8296037745808443,0.12522220144807214,0.03292268796658641
33,0.8141015768051147,0.04062500223517418,0.0352133599590925
33,0.7872265577316284,0.7906250357627869,0.034922204530777
33,0.6259765625,0.09062500298023224,0.03910120166650398
33,0.5991015434265137,0.44062501192092896,0.04478184891950055
33,0.7066015601158142,0.24062500894069672,0.03612114033856186
33,0.8293019537817428,0.13264778819590234,0.032931812136491725
33,0.8298667377166575,0.12355178952833755,0.032924797652631135
34,0.8292340995374371,0.1270808800908305,0.032924121650934626
34,0.8280544926187194,0.1303759320487765,0.03292962124895238
34,0.8409765958786011,0.4906249940395355,0.033883337407761366
34,0.8244024928930332,0.12966421311091406,0.03296622271733607
34,0.8305243904961693,0.12679625428333063,0.03292268689366161
34,0.830459901790274,0.12697591735038802,0.032922876263403344
34,0.8298514895085083,0.12563367116977087,0.03292275982729287
34,0.8300541322101247,0.12399316779590186,0.03292402297592466
34,0.8295467284216125,0.12557971112140087,0.032922823897010255
34,0.7334765791893005,0.2906250059604645,0.03552213059309516
34,0.8258813165070132,0.1335108039970332,0.032935696904272956
34,0.8298411965344636,0.1255052385509879,0.03292274365686646
34,0.8273159473657327,0.12897992497190683,0.03292678098999561
34,0.525195300579071,0.05312500149011612,0.051642345864286385
34,0.5184765458106995,0.690625011920929,0.05580500730265623
35,0.5152614607646788,1.9464503245808226e-08,0.05537188303999593
35,0.7997833558737171,0.16520818220644,0.03338598155770528
35,0.8265880635255711,0.12477317033151554,0.032921965674104776
35,0.8456534689250431,0.19091378440992268,0.03345064563944197
35,0.7996295840133144,0.16520818220644,0.033387880556506676
35,0.8471214496579195,0.19474814518024283,0.03351513189176159
35,0.8382555396745066,0.1253900279238673,0.03292457795214838
35,0.5293048212485746,5.472541113966895e-09,0.05352774456753194
35,0.7990440158817439,0.17330336597718565,0.03351028939532505
35,0.7991980544555399,0.167123009142707,0.03341892905633922
35,0.8428528387802507,0.19614799566112034,0.03354547720426116
35,0.8543366026121084,0.19974921351242153,0.0335607840974081
35,0.8474095032261336,0.19838618850679618,0.033537182456672
35,0.7991980544555399,0.1681538826833118,0.03343348680703342
35,0.8304044339508351,0.12477317033151554,0.03292167532504844
36,0.8296213241389956,0.1258702208987614,0.032922655020591406
36,0.8288392347928754,0.12404610172238596,0.032924826121972034
36,0.8294411834936564,0.13128514518744896,0.03292807264960376
36,0.8304110438418637,0.12744516544172244,0.03292312277111098
36,0.8307615624556859,0.13130202760266174,0.03292668055702581
36,0.8303865133612501,0.1316980711462984,0.03292731867043181
36,0.8284072304387166,0.1254709874199065,0.0329269070744805
36,0.7401953339576721,0.453125,0.03658496713928556
36,0.8476953506469727,0.25312501192092896,0.03348620424412196
36,0.828365195494157,0.12455116561655219,0.03292736767656339
36,0.8283973099649184,0.12581364106063692,0.032926618334443145
36,0.828365195494157,0.12436371325818371,0.032927432107883924
36,0.8304159697810461,0.12905020141290746,0.03292417962363909
36,0.8304110438418637,0.12736507037215536,0.03292302836211561
36,0.8273126636473029,0.12523148953914642,0.032924850580738484
37,0.5181764015217121,0.0029817465767093152,0.05459019779386687
37,0.8303689437349481,0.12633955317755835,0.032922057130642536
37,0.8386629609948234,0.11963322213669747,0.03295335270315991
37,0.8184188096980771,0.09275337011297319,0.03323140650417433
37,0.8183994681238179,0.09279417393032194,0.03323085342829794
37,0.8178263117219181,0.0884752985748796,0.033318773307501846
37,0.8174677991916695,0.08317252002134967,0.03345293394802803
37,0.8183960460509176,0.08990864318142307,0.03329234407484388
37,0.8178311448958236,0.08959524367735121,0.03330365147486223
37,0.8477821254432706,0.1263396095556599,0.03301963724315532
37,0.8178874995291101,0.08880784620188986,0.03331248597447171
37,0.8176026383956106,0.08959524367735121,0.0333043159877507
37,0.8379795778785867,0.13714229251905663,0.03293957696961176
37,0.8177041148198853,0.08588531540634424,0.033376271182398574
37,0.5244493271778286,0.0029817465767093152,0.05378089859865069
38,0.8208203315734863,0.6031250357627869,0.03413554925390585
38,0.6326953172683716,0.653124988079071,0.042235113584006743
38,0.8277494344904776,0.12417898841647189,0.03292723418603518
38,0.6864452958106995,0.3531250059604645,0.03805082631618428
38,0.8295730872268994,0.12564528223754165,0.032922806407251294
38,0.828105617224229,0.1241097440243195,0.03292865878148975
38,0.7133203148841858,0.40312501788139343,0.03709008392993746
38,0.8304711805619724,0.12546932163639635,0.0329221195550437
38,0.9014453291893005,0.753125011920929,0.034998259109337265
38,0.7939453125,0.15312500298023224,0.03332579817636593
38,0.828105617224229,0.12424655835587796,0.03292830681907282
38,0.6058202981948853,0.203125,0.04074776546036386
38,0.8278327708340336,0.12994039234352572,0.03292866968079732
38,0.9283202886581421,0.0031250000465661287,0.04424596569241512
38,0.5789453387260437,0.5531250238418579,0.04623133779306831
39,0.7670702934265137,0.3031249940395355,0.03472545946596587
39,0.7536327838897705,0.7281250357627869,0.036433935848323974
39,0.6998828053474426,0.02812500111758709,0.03869763911364149
39,0.828978895507839,0.13178690154354944,0.03293573944687438
39,0.5520703196525574,0.703125,0.05064661151042617
39,0.6595703363418579,0.10312499850988388,0.036346810452154765
39,0.5386328101158142,0.328125,0.05116892382321465
39,0.8287024522411055,0.12497952372329406,0.03292296915718541
39,0.8745703101158142,0.503125011920929,0.03420103973198215
39,0.8288074268926766,0.12499460175269807,0.032923772680845766
39,0.8287023641416023,0.12933299145943764,0.032930670928318515
39,0.8611328601837158,0.12812499701976776,0.03313665760762856
39,0.6461328268051147,0.528124988079071,0.041054487062134014
39,0.8309536681498344,0.12597158978094253,0.03292261332256822
39,0.8274044789502866,0.12657255657422833,0.03292514669339023
40,0.7805078029632568,0.578125,0.0348999466448496
40,0.8293727106108816,0.12443488120058475,0.03292323436570303
40,0.8281984702103091,0.1244115068063443,0.03292830122110257
40,0.5923827886581421,0.628125011920929,0.04639520895025011
40,0.6192578077316284,0.27812501788139343,0.04096189369106442
40,0.8302556437675024,0.12215135107185365,0.03292580419619868
40,0.8349476603913586,0.1380040431027889,0.03296191159761688
40,0.8880078196525574,0.37812501192092896,0.0338530465256558
40,0.8342578411102295,0.6781250238418579,0.034030829613275984
40,0.9148827791213989,0.4281249940395355,0.035944177198880996
40,0.8298236549295556,0.12437270397788597,0.032923147485371514
40,0.8302441445202159,0.12825937596534132,0.03292365875774484
40,0.8073828220367432,0.22812500596046448,0.033832306284073695
40,0.6730078458786011,0.778124988079071,0.039734489761649776
40,0.5655078291893005,0.17812500894069672,0.044644284602310416
41,0.7771484851837158,0.05937499925494194,0.03465628073856052
41,0.7233984470367432,0.559374988079071,0.037090529438281075
41,0.8301012245365186,0.125036051457871,0.032922952999674585
41,0.8846484422683716,0.659375011920929,0.03411332472359845
41,0.5621484518051147,0.4593749940395355,0.048099162550420474
41,0.8302428543934673,0.12546316500235538,0.03292172534916899
41,0.829025182967327,0.12596830038754997,0.03292319668057882
41,0.6696484088897705,0.2593750059604645,0.03805056528915617
41,0.5890234708786011,0.30937501788139343,0.0434316176363058
41,0.5117577910423279,0.4781250059604645,0.05617152228609091
41,0.5083984136581421,0.15937499701976776,0.05499411523446945
41,0.8308984041213989,0.359375,0.03333927827523316
41,0.726757824420929,0.078125,0.03492182762379164
41,0.6158984303474426,0.7593750357627869,0.04394324716098388
41,0.8040234446525574,0.7093750238418579,0.03449732903492962
42,0.845697398854917,0.0521315251870626,0.03458357112176137
42,0.832961276862648,0.23450735707268477,0.033582677041048815
42,0.8340944285494586,0.0889980955540153,0.033246877913477156
42,0.845354324867058,0.05344477156340155,0.03451406867087264
42,0.835384147156687,0.08504979579027636,0.0333544076027721
42,0.8329324702438539,0.22661439741752046,0.03359681779962233
42,0.8340156522283699,0.08807876900091827,0.03326301860836834
42,0.833897907530679,0.08845824619356447,0.03326487729035413
42,0.8459104641930992,0.05455524264388763,0.034462112206375246
42,0.8459967760620687,0.06013390444163315,0.03416961632539178
42,0.832961276862648,0.2173876143371071,0.03360681492413829
42,0.8457020838351672,0.05617290989628672,0.03438267457198099
42,0.8342582122395334,0.08951384741899773,0.033228073570271646
42,0.8456413057740965,0.05316718829580324,0.03451881888843931
42,0.8457202348603552,0.05393902912811172,0.034495206704597034
43,0.8295025928557733,0.12520479864392237,0.03292292217154464
43,0.8292276703760504,0.12487877212278246,0.032923044727792235
43,0.8286694398476017,0.12402959650640716,0.03292410826526078
43,0.8296279700282527,0.1291556380430094,0.03292583643976712
43,0.8295806832972171,0.12521494371991487,0.03292269380890392
43,0.9115234613418579,0.109375,0.0350632269261716
43,0.8286684593799832,0.12508370547676811,0.032928494754418294
43,0.8577734231948853,0.40937501192092896,0.033702574552994614
43,0.7502734661102295,0.20937500894069672,0.03507492470612453
43,0.6965234279632568,0.5093750357627869,0.038202468050680734
43,0.642773449420929,0.00937500037252903,0.042886883705993695
43,0.8301472820168326,0.13171495296679092,0.03292886748783187
43,0.5352734327316284,0.609375,0.05264480163684581
43,0.8271995253694414,0.12632674483528225,0.03292443185028676
43,0.5487109422683716,0.234375,0.04765910217507095
44,0.83584292274609,0.0010989063336817265,0.04045750500783114
44,0.8534548905325952,0.12638938086724233,0.033052752091617676
44,0.837590971347479,0.12734602583985763,0.03292427861886081
44,0.8308359286098345,0.12447722167237653,0.03292231713941602
44,0.8380259472667201,0.1279362821927414,0.03292228578002153
44,0.781017856950059,0.12506773117375738,0.03320245004962958
44,0.8546785821386736,0.1227235627509121,0.03306592510206983
44,0.7815736326832421,0.12064766876786595,0.03319316318181997
44,0.8552304528469677,0.11786842794010234,0.0330812530168179
44,0.84614323341441,0.1036236304937812,0.03309839391373846
44,0.8542139889632736,0.12363071958798884,0.03305866454578434
44,0.7897968026385666,0.12278107980049702,0.03316291032856562
44,0.8375803086587352,0.1272912073277798,0.032924205212548054
44,0.8458788519085354,0.10508663979669593,0.03308685011280694
44,0.7815764092168725,0.12225498944973474,0.033192560430378645
45,0.827280479504456,0.12678283949414923,0.03292500496012684
45,0.7905859351158142,0.484375,0.03455568711811225
45,0.8289254617235567,0.1247581979691005,0.03292366668207019
45,0.6024609208106995,0.734375,0.04562138560086665
45,0.8296940794933984,0.12329966253467561,0.03292533387622765
45,0.6562109589576721,0.43437501788139343,0.04013008167641642
45,0.8297052322032549,0.13032117382243602,0.03292643617399143
45,0.7637109756469727,0.6343750357627869,0.03596817084486903
45,0.7099609375,0.13437500596046448,0.034730632240952845
45,0.9249609708786011,0.534375011920929,0.03665549831615626
45,0.8174609541893005,0.3343749940395355,0.03350193512934912
45,0.8301307074120249,0.12372675699122318,0.03292459601990656
45,0.8291681170216839,0.12343921310863139,0.03292532399422483
45,0.5755859613418579,0.08437500149011612,0.04421138619362147
45,0.8712109327316284,0.03437500074505806,0.036520844623062
46,0.8304220978962209,0.12464305586175708,0.0329217591117196
46,0.8302441334951866,0.11688362001031835,0.03293941709350047
46,0.8980859518051147,0.28437501192092896,0.03448545011171495
46,0.8284922593601705,0.1252454852406048,0.03292756641191267
46,0.8284922593601705,0.12524610220185958,0.032927566581272695
46,0.6830859184265137,0.684374988079071,0.03933552254870037
46,0.8319403396612086,0.12468195478549315,0.03292438726718942
46,0.8443359136581421,0.784375011920929,0.03404850483414122
46,0.5218359231948853,0.5843750238418579,0.05480728737437903
46,0.8288372297548746,0.1259740815170852,0.032923613657842514
46,0.7368359565734863,0.18437500298023224,0.03490933959307891
46,0.8293115426365962,0.1250831475610755,0.03292304754866467
46,0.5151171684265137,0.37187501788139343,0.05541935004499336
46,0.8292864537268952,0.13007058893587106,0.0329265224650444
46,0.6293359398841858,0.3843750059604645,0.04143268646859758
47,0.8829081034160287,0.0017200751135919917,0.04132052520042999
47,0.8302864843639277,0.12475643795430011,0.03292156570182726
47,0.8406832386201103,0.09647984109820566,0.03319353676722851
47,0.8396410098140484,0.09956580215158227,0.03311411489494504
47,0.8403991077456516,0.09771550359141991,0.033146120086817284
47,0.877044367321073,0.1091986857087991,0.033673981435475356
47,0.8396896280600706,0.10089677812294424,0.033098017477391446
47,0.8334446885706319,0.11000058833085477,0.032993043373085264
47,0.8388541972334167,0.13094609088383544,0.032944570753460585
47,0.8377851002104434,0.1277633477049013,0.03292165026431203
47,0.8388725882449224,0.1314310221400953,0.032945043780296494
47,0.8455401204497469,0.1419546097168468,0.03302480222324919
47,0.8175714611903356,0.12485722432962074,0.03296183497859677
47,0.8331989446383481,0.11002547673787602,0.03300411936202582
47,0.8396920454458858,0.09866978735472388,0.03312648434631731
48,0.8298213673911375,0.12498546397783224,0.0329227847416674
48,0.8376171588897705,0.171875,0.033239390736447806
48,0.8293246893827789,0.124773053945364,0.03292307063225742
48,0.6226171851158142,0.5718750357627869,0.04277429355449887
48,0.8301157886850447,0.1290251046066811,0.03292574084461618
48,0.8300464890609959,0.12294318707509723,0.03292623508297255
48,0.8299233178515948,0.1235941590526587,0.032924594115532724
48,0.8299234745590661,0.12446673013202217,0.032922931288707304
48,0.6763671636581421,0.07187499850988388,0.03681412107597815
48,0.8281225342253349,0.1250251394989005,0.032927498970051865
48,0.8259225936662805,0.12674518243542834,0.032927480692128155
48,0.8296785875551406,0.11606376903526196,0.03294287252964586
48,0.8298213673911375,0.12521201711804225,0.03292262129207889
48,0.7301172018051147,0.7718750238418579,0.03704680541915544
48,0.8298252679636945,0.12450776057667741,0.032922923254640954
49,0.810742199420929,0.5218750238418579,0.03421547002008108
49,0.7838671803474426,0.2718749940395355,0.03411101441452124
49,0.8302185258117496,0.12734859621659286,0.0329229325699775
49,0.830061489698356,0.1250243153836786,0.032922869231533175
49,0.5957421660423279,0.12187500298023224,0.04157989005162111
49,0.8302185749108815,0.12541296263590723,0.03292170993169658
49,0.8300219398782538,0.12505139647829297,0.03292283796746425
49,0.8283246283029473,0.1250977539036554,0.032926692603112394
49,0.5688672065734863,0.671875,0.048102293809695565
49,0.8913671970367432,0.47187501192092896,0.03432262901247387
49,0.8289766247566971,0.12506076090030416,0.03292350429101156
49,0.8300073540110536,0.13089307134280084,0.03292709744412438
49,0.6494922041893005,0.22187499701976776,0.03864758203388684
49,0.7032421827316284,0.721875011920929,0.03825493101766269
49,0.9182422161102295,0.3218750059604645,0.03573429130048155
50,0.7569922208786011,0.02187499962747097,0.0379723969832348
50,0.8274799532732453,0.12974573436720235,0.03292750038585256
50,0.8306535810094082,0.12571862394614317,0.03292202841615628
50,0.8291477532560871,0.12682772667978826,0.03292370730168385
50,0.8288027061113893,0.12509566884596995,0.03292381096749606
50,0.8289245548745567,0.12415319836557968,0.032924284914919964
50,0.8287036791709889,0.12463356156990062,0.032923042129372596
50,0.8284390208262831,0.12490105106778411,0.03292726366796702
50,0.5419921875,0.421875,0.05089399303420221
50,0.8284828893250183,0.12625862583062972,0.03292726460559676
50,0.8289728880406297,0.12995532079245,0.03293260721499639
50,0.5285546779632568,0.046875,0.05110016754128373
50,0.8289331657332814,0.1286038401921218,0.032926332451862286
50,0.8291881027073578,0.12683203135062807,0.03292372472450759
50,0.8644921779632568,0.621874988079071,0.0340659464999674
51,0.8140428393513152,4.940218082366814e-09,0.04052426769343327
51,0.8303143832907002,0.12480909964164738,0.03292165367689072
51,0.8666588748506615,0.12825657077312966,0.0332634437415066
51,0.8376385007350199,0.12364610364209278,0.032925887495883335
51,0.8053861542894551,0.13295997484204333,0.03306158915517908
51,0.8367725672274265,0.13327704016444045,0.03292993772111559
51,0.805612286184425,0.1355707051730432,0.03307242630319622
51,0.8368200754920324,0.13384639633303294,0.032931215879847424
51,0.866897804004626,0.1273526613319105,0.03327157325008616
51,0.8376376121007155,0.12345153920316676,0.03292653241643693
51,0.8368316324974093,0.11558686097461467,0.032946179049946143
51,0.8214332355727129,0.10668045153033841,0.033034332045648304
51,0.8666975299935905,0.1266168746229191,0.03326787918370769
51,0.8200541351883915,0.12483265514581555,0.03295223236763356
51,0.8124381839261104,1.353224571100567e-09,0.040526632939905556
52,0.8938101532027244,0.09199380044322672,0.034218909698467956
52,0.8265449241640725,0.12471696768907166,0.03292185506969992
52,0.7853497144551622,0.0815067915126715,0.03374868525321565
52,0.825521762564178,0.09601841628239939,0.03314878976209763
52,0.8374092499180198,0.1307858280993451,0.03292555494597277
52,0.8887729632336644,0.10538410819953287,0.033792574637958754
52,0.7847705353077552,0.0843921184558411,0.03362382608881049
52,0.7847705353077552,0.08088775586740196,0.03374934172755999
52,0.7978458054194867,0.12988209118184582,0.03309656910539639
52,0.785049681909757,0.08109370813542852,0.03373450967401668
52,0.8900502101498219,0.10366386545845008,0.033854434261533
52,0.809533963461283,0.09752107423355771,0.033183790369243016
52,0.8091689296203664,0.09756479375211487,0.03318445468171023
52,0.7847705353077552,0.0829730637874842,0.03368918397437744
52,0.8451457818401756,0.12501125034722138,0.03299807182654693
53,0.830343458068705,0.12478659922134995,0.03292163846368394
53,0.837944693308462,0.12685147700069077,0.032921742377523634
53,0.8486541865820877,0.143331325526867,0.03306352865606089
53,0.8563123986678531,0.14603125875027068,0.03313484953888294
53,0.8572101900401301,0.004263608391136542,0.040773119795726294
53,0.8563886635530403,0.1511960454999504,0.03316445209291123
53,0.8310370860093086,0.12478659922134995,0.03292274733804639
53,0.8488626874798544,0.14164213265844589,0.03305876773884747
53,0.8560250156284034,0.144250269359238,0.03310899117159588
53,0.8377495072821197,0.1266035783537895,0.03292133917849043
53,0.9085551340650435,0.0008128961998589234,0.042596766626321565
53,0.8302865028381348,0.12480094703561952,0.03292159862303963
53,0.8486834718555336,0.14371808122280416,0.03306566376084643
53,0.8302865028381348,0.12483525898660074,0.032921624440150295
53,0.8563562510067853,0.14665588030387108,0.03313775822694305
54,0.8901278084311879,0.009933268522832456,0.04074580120184625
54,0.837743294502546,0.12628330090129014,0.03292110883805257
54,0.8307942877089076,0.1486605655158668,0.033006106662750175
54,0.8377282532078064,0.12544190874855593,0.03292121169879011
54,0.83138883017468,0.15387726095331336,0.03304804098455863
54,0.8307657208293434,0.15798035235154234,0.03308613927327393
54,0.83138883017468,0.14730278384267534,0.03299623873100343
54,0.831404900478456,0.14887112143431835,0.03300720448135765
54,0.8311293882202402,0.15489852433370643,0.03305662410001096
54,0.8307853365956999,0.1531694897565262,0.03304198466886326
54,0.8380996203874318,0.12414763226868003,0.032923050432730624
54,0.8310276045808932,0.15246649559861297,0.033036204518909096
54,0.8848185083580258,0.01112731489304396,0.03987055030916307
54,0.8310258381110318,0.15630116888381917,0.03306978022345619
54,0.8357718738069299,0.11845298870539132,0.032934289181030314
55,0.9028906259560538,0.09208101651196701,0.034674212488818044
55,0.8054752821575706,0.11439307043969618,0.033066976844405106
55,0.797167348716927,0.1118063178290374,0.0330957274304379
55,0.857900378521373,0.10302966336738405,0.033217456495226824
55,0.8576666494325597,0.10184507906271967,0.033231418458704386
55,0.8426639670299597,0.14413639890002994,0.0330346876936211
55,0.8110320479246419,0.06664409215755572,0.03413811963250366
55,0.9026347476009813,0.09565133696622138,0.03473101559232152
55,0.8251303138558012,0.117172588848962,0.03295368368356254
55,0.857900378521373,0.0994137411099553,0.03326472155614199
55,0.8111404775574179,0.06538143689982441,0.03418939853397031
55,0.9022836182725009,0.10250209860306311,0.03460218023492041
55,0.8154266610602439,0.12946543623357704,0.03301772864379453
55,0.837890409240634,0.12519509483935953,0.03292169381825632
55,0.8429915508010609,0.13775733433008303,0.033014087668366957
56,0.5260707942002154,1.537794663105078e-07,0.053948392840450686
56,0.8377432823181152,0.12628330290317535,0.03292110881559547
56,0.8377432823181152,0.13292373612519026,0.03292737498743933
56,0.8185581720885678,0.11828758654963642,0.032992217011178784
56,0.8187232484547082,0.11890829729903021,0.032989761277055385
56,0.8184293277579034,0.11826530055433147,0.03299298422561103
56,0.8247551324483208,0.15151759397654807,0.03306932937224642
56,0.8883624049243037,0.16148715917314369,0.03416935126776755
56,0.8378440459512576,0.1290263299594354,0.032922274088347823
56,0.8265637988271182,0.1331941839642332,0.03293598082878603
56,0.7688841605629114,0.12466594067680116,0.03342754374898323
56,0.7699764305125937,0.12179706326191844,0.033283706806879185
56,0.8944462030599252,0.06475079393946187,0.035093163046638405
56,0.8379430179228953,0.12918833663240886,0.032922214049587034
56,0.8251059194329112,0.15148597661605562,0.0330471822172132
57,0.6898046731948853,0.34687501192092896,0.03781647486542845
57,0.8289535735496661,0.1305528722206041,0.032933005644053694
57,0.6360546946525574,0.6468750238418579,0.042068901628649936
57,0.8292295013100344,0.12442886639744653,0.03292335376270662
57,0.8273886599586421,0.1253053346149945,0.03292506926086195
57,0.8296640403702312,0.12478715984646377,0.03292277840452522
57,0.8298957911245063,0.12446564241439706,0.03292292421443324
57,0.9048047065734863,0.746874988079071,0.035219034941550494
57,0.8356746795017372,0.12239225427320305,0.03292615304519981
57,0.7435547113418579,0.4468750059604645,0.036366840586928746
57,0.8280799259992124,0.12472765683957207,0.03292747433369998
57,0.8284296520408647,0.1255594958989599,0.032927043965183575
57,0.8510546684265137,0.24687500298023224,0.0335108299116537
57,0.8292295013100344,0.12439054928128661,0.03292338335405042
57,0.8312373906244874,0.1287454073601696,0.032925068972338475
58,0.8367379934692932,0.12182878679221558,0.03292771409281862
58,0.8779296875,0.09687500447034836,0.03351883117323449
58,0.829927204429266,0.12365260808599897,0.03292454379769822
58,0.83014477074823,0.12488542504514062,0.03292289641498704
58,0.5823047161102295,0.546875,0.04582550034628984
58,0.8307888731568088,0.12626362937360083,0.03292242899243874
58,0.8273234447547096,0.12509999844474165,0.032924817418280496
58,0.7704297304153442,0.6968750357627869,0.03537019503322665
58,0.8374259193877578,0.12488742401743336,0.03292382622070522
58,0.6629296541213989,0.49687501788139343,0.03995429278971133
58,0.8297433699728266,0.1259927344834116,0.032922850239087
58,0.8374181631314297,0.12528452698559012,0.032923340458289825
58,0.5554296970367432,0.296875,0.0477336925714285
58,0.8303076278455127,0.12572492327495174,0.0329215161508925
58,0.7973046898841858,0.14687500894069672,0.03322112007191396
59,0.8241796493530273,0.596875011920929,0.03409176409347523
59,0.5025195479393005,0.3984375,0.058027094528931504
59,0.8296708720437562,0.12542920310501882,0.032922699585783574
59,0.8377752381888589,0.12587627559455036,0.03292128788157189
59,0.8291694512758356,0.12537778412894393,0.03292303694825525
59,0.8285148844198159,0.12658537253909707,0.03292762834694347
59,0.5016796588897705,0.796875,0.05854426414519599
59,0.609179675579071,0.19687500596046448,0.04035873183469586
59,0.8296491948939817,0.12841479068426861,0.03292513970410124
59,0.8291282940180537,0.12537778412894393,0.03292308529053549
59,0.7166796922683716,0.3968749940395355,0.03691951266065872
59,0.8376815759019358,0.1286047817252757,0.03292490754401122
59,0.8374280071882231,0.1235235747313837,0.03292552831273661
59,0.8371466892318513,0.12484904228520385,0.032923208867657684
59,0.8309360879722764,0.1248210132144562,0.03292260479333932
60,0.8351471463421952,0.11917316407592637,0.032931522469003736
60,0.8304341149023261,0.12467089711104887,0.032921824034603066
60,0.8365609183466111,0.12471890838556218,0.03294144983100824
60,0.8364203311599159,0.12279558793884005,0.032944422839057505
60,0.5073371134639487,0.00032461629464648815,0.05645272951768242
60,0.5075796660106673,0.0003249921257932851,0.05641358338467475
60,0.5012779262741454,0.00032807289853001694,0.05744597701421942
60,0.8363200530012636,0.12449844435026526,0.03294153053897755
60,0.8377432823181152,0.1265649112864238,0.032921303875092144
60,0.8365754948039449,0.12471887876970876,0.03294146679711415
60,0.8379525690796853,0.13005038124101936,0.0329225818907184
60,0.8365754948039449,0.12403911960902927,0.03294214667129628
60,0.5177843511256,0.000328001086392575,0.05493657112441641
60,0.5020742883510577,0.00032803287551311987,0.05730677103713035
60,0.5000275526667454,0.00032803287551311987,0.057680990656755346
61,0.9299999995010375,1.6661513790059657e-07,0.045099503907427695
61,0.8377902177447151,0.12628330290317535,0.03292124582180566
61,0.7762427632968282,0.10999994113769174,0.03326547780556478
61,0.8720804513239564,0.09909056919873868,0.03332269728569473
61,0.8214385085385905,0.13030643071031275,0.032955001221123596
61,0.8350464918857968,0.12180516196656287,0.032926281917691876
61,0.8216262252928531,0.12677569504895972,0.03295055612758387
61,0.8720784428582348,0.10364490577876079,0.03359617987742623
61,0.831291581384317,0.11725648668521979,0.03293918187748225
61,0.8482931258398163,0.11183051185238158,0.033066763844638906
61,0.8720710712629747,0.10364490577876079,0.03359596364160768
61,0.7777251597702175,0.10261210240542326,0.033320057017762535
61,0.778323620021532,0.10240276535657014,0.03331743565165159
61,0.8726311333655036,0.09806678336271346,0.03338060429770033
61,0.848399873777407,0.11227778510521605,0.033064796851971896
62,0.9146664060823738,0.014198306705137095,0.04079815764836208
62,0.8086294569312971,0.12471279619598624,0.03303407859494527
62,0.8086176599864789,0.12440154352256894,0.03303470801623738
62,0.8377434115788345,0.12632421403865368,0.03292117346104546
62,0.837658191550644,0.12577418813270835,0.03292407544896814
62,0.8354438776734292,0.12162405733350501,0.03292639994283962
62,0.861242740895459,0.24869915977560259,0.03359155233783967
62,0.825656252956729,0.12222445263753327,0.03294771485546332
62,0.9140535419251729,0.014557843215975308,0.04061785509037273
62,0.9176188452370382,0.049520637266046434,0.036920815260948384
62,0.8376751614714661,0.12577418825471226,0.032924127079070796
62,0.826416518293215,0.14367643233139468,0.032976140769948724
62,0.8377456563222841,0.12619894261898185,0.03292106928730483
62,0.8257423311275621,0.1214454941188978,0.03293373907760305
62,0.8610207655009965,0.24728877190682053,0.033538475900280126
63,0.9299516537474606,6.280306721239417e-08,0.045095964089593606
63,0.8378999124641999,0.12618487349196097,0.032921293831450385
63,0.8359678893136574,0.13521020509416168,0.03296716839582024
63,0.8260900973913649,0.12070314298019547,0.03292858738360852
63,0.8396749304141025,0.1235935023390009,0.03294437856174874
63,0.870920365266178,0.07906514686725362,0.033719067739108675
63,0.8709196046527456,0.08470679886979329,0.03356184458760797
63,0.8708378549561796,0.08129750353940728,0.033632723043607635
63,0.8260930688288132,0.12065765951971431,0.03292862363465656
63,0.8707918032363892,0.0821943485404903,0.033587842096814056
63,0.8391656995282816,0.12505030858296548,0.03294391141742676
63,0.8379291030599968,0.12618125796057802,0.03292135752520091
63,0.836086443299726,0.13554268441522485,0.03296791567798199
63,0.8707969270879757,0.07942434315637184,0.033708229958866374
63,0.8708507782577622,0.08118140263498552,0.033637776145152884
64,0.9299989531003072,0.01857590681307908,0.04096179534606793
64,0.8378316858049661,0.12684145099192493,0.03292163454655651
64,0.8824363795323613,0.10394768598098995,0.03355895136557493
64,0.8332981763281018,0.14093153137039505,0.03298780173309205
64,0.8371005666360603,0.1327226581731021,0.03292855653897557
64,0.8611832076937873,0.14625722627590826,0.03320114535736416
64,0.8609055789244755,0.14546568730206472,0.033165714795443293
64,0.8332702239208082,0.1395596699496144,0.03298241252020664
64,0.8333518358760906,0.14202522935141498,0.032993420363752315
64,0.8333705682767428,0.14271512886867913,0.03299738130280504
64,0.8333518358760906,0.14255239107761486,0.032996347368016196
64,0.8380576302404534,0.12550073731927422,0.03292187040031707
64,0.8351497699566702,0.02861213080135984,0.03656203768648337
64,0.8364936300833855,0.10642178860255327,0.03300830740560028
64,0.8351924040092881,0.02943942835919936,0.03666164489962413
65,0.5081194772469025,2.825711221184831e-07,0.05639285344657563
65,0.8378523801698422,0.12583481263047197,0.0329214591683572
65,0.8570468421655237,0.05347990806925532,0.03459533832222638
65,0.8557396584423771,0.05806220081450479,0.034359289531009155
65,0.8257193344104871,0.08119820470150751,0.03347532109801061
65,0.8506330251693726,0.09715030882438225,0.0332515958918486
65,0.8573995338457604,0.05408301439624327,0.03456786212414683
65,0.8769385907102357,0.15451679428508597,0.03365891842063811
65,0.8568762213948509,0.0542412086010816,0.034549454394359996
65,0.8377393095068094,0.12641306773669447,0.03292121347583454
65,0.8371248906814781,0.1269469232696692,0.03292299630985273
65,0.8506484234975838,0.12587360126012404,0.03304720101268501
65,0.8502581962129526,0.09867316174430493,0.03322710568247629
65,0.8565168632056103,0.05617191103862146,0.03443179189810645
65,0.8769385907102357,0.15392527205502277,0.03365584369446336
66,0.8179699828211142,0.10570132048483391,0.0330731227381089
66,0.8371941286732902,0.12607746390908625,0.03292280023556444
66,0.7370884138514227,0.006632738113180499,0.04036985821322027
66,0.8270495556993767,0.26829196601265276,0.03347844350167216
66,0.8187216375739848,0.13069151660923148,0.03298888204861731
66,0.8019312673607932,0.10634538744633483,0.03312589311398654
66,0.8371937360053547,0.1261149265127039,0.032922818094174994
66,0.837870098370596,0.12637036422304665,0.03292146636631606
66,0.8187267173537132,0.130549682862264,0.03298889079445337
66,0.8267691621531984,0.26545998654935243,0.0334928779939763
66,0.8189131327293395,0.1293690055443636,0.032986547881555056
66,0.7379122226573835,0.006990339825366343,0.04030489353038391
66,0.8444126289341831,0.11538192853157817,0.03302635041233231
66,0.8177933150126506,0.10634538744633483,0.03306690678892225
66,0.8272798631827427,0.2700175495133818,0.03347149706056319
67,0.8643751233536752,0.016164467460058653,0.03893493058622094
67,0.8220297689917313,0.12281925014371403,0.032952659912483064
67,0.7854525488952897,0.14298061820256122,0.03329004164578076
67,0.8242898732783868,0.1050864386349221,0.033059075765179094
67,0.8242086991445401,0.1080723164727272,0.033025022956240484
67,0.8636601129016777,0.01677225629362214,0.03907025423270371
67,0.8369567628807352,0.12969183419131786,0.032923209315080304
67,0.8578665977374812,0.1173511861240442,0.03310962910702949
67,0.8382638116422018,0.11228406335902262,0.032963421242427335
67,0.8018080443436818,0.13496041564371292,0.03307129254194695
67,0.8018080443436818,0.13451930156918865,0.03306938478831669
67,0.7843718700489154,0.1500862130279509,0.03334761744827132
67,0.7847903057332233,0.15186588317974675,0.03336434592899855
67,0.8582330910021573,0.11747859003712557,0.033106736706915836
67,0.8377456665039062,0.12657985599915517,0.032921317411416316
68,0.8142953778027714,0.003170743600282577,0.04024676050364019
68,0.8378936152381697,0.12575694312685665,0.03292153559932795
68,0.8398764021583006,0.11408343208817377,0.032975347262985656
68,0.8432387158968395,0.10506981544763687,0.0331397781578863
68,0.8364976168824125,0.11963583429034733,0.032950600630650834
68,0.8365331330926328,0.11845388815776703,0.032953983601071886
68,0.8372006660049396,0.12933847383380354,0.032923429099066585
68,0.8351279981154068,0.11652522315320107,0.03294082767148819
68,0.8137704614410602,0.003170743600282577,0.04024830516580996
68,0.8377456665039062,0.12618421915495376,0.03292106219903537
68,0.8567435247011493,0.25423848265177484,0.03350624701319234
68,0.827615761604,0.15633475446759434,0.03307285487808901
68,0.8397819076477547,0.11286477342540359,0.03298110599965594
68,0.8569096870056667,0.25423848265177484,0.03350780549776174
68,0.8299875952335383,0.1391669265657482,0.032953042175486516
69,0.8963321942889982,6.726675308672534e-09,0.042646109075782986
69,0.8378005342147482,0.12647920742011898,0.03292137448907244
69,0.8866709993707623,0.031021764184028196,0.03713928682627967
69,0.8868058178458733,0.03335853106836883,0.03688419392716586
69,0.8371468627325049,0.12296425847739516,0.032926120379792374
69,0.8300100022994394,0.10014230208086551,0.03307791542273792
69,0.8393538130606951,0.1375723585797718,0.03296186500291149
69,0.8377774959161617,0.1261269247628494,0.03292131179013839
69,0.8377456339184295,0.12627911425028399,0.03292111121902568
69,0.8300047664405646,0.09848342127474954,0.033099425413063016
69,0.839048873959157,0.1385708398128283,0.03296519678014679
69,0.8866126760647531,0.03151450541924391,0.03707653344870861
69,0.8867909789151188,0.032308963032937316,0.03694894321730957
69,0.8377871249240142,0.12791997715583872,0.03292179682789566
69,0.8393507179803283,0.1389065789181242,0.0329664678575377
70,0.9232327276801932,0.08134635785233668,0.036159073265549804
70,0.8377456665039062,0.12639988183820416,0.0329212180181097
70,0.8265197424287619,0.12367898261175629,0.03292372176532393
70,0.8086492192683623,0.14899166318831275,0.0331497685139625
70,0.8379279690779532,0.1275212947917317,0.0329216535808184
70,0.9232327276801932,0.0818136938232466,0.036145724640843695
70,0.8377471683580275,0.11667520082538511,0.032941667551354345
70,0.838307936356111,0.13231545655413077,0.03292897701829843
70,0.8265111326047212,0.12349156411163091,0.032923922498354914
70,0.8309600275504011,0.12391557835076306,0.032923897057612214
70,0.8353940976066471,0.12365718959880255,0.032922659952408936
70,0.8462561390110174,0.13278753412194091,0.03298355004429406
70,0.8588971054702231,0.17768185362253655,0.033412362683511145
70,0.8089102884285264,0.14672639239059232,0.03310921829271358
70,0.9236651511543874,0.08234090543066404,0.03617273122845005
71,0.9041928604321736,0.006391447698043085,0.041725976291404863
71,0.8377674731726834,0.12625139446103684,0.03292114009416825
71,0.8226939513259728,0.13935539227918134,0.03298153394942545
71,0.8232186306326805,0.1376830326091349,0.03297405578530788
71,0.8520475789684271,0.16271494833050817,0.03320559495197203
71,0.9034853180943144,0.0060045909291558345,0.04188932976243542
71,0.8404813818188828,0.12287566498897412,0.03295121982678074
71,0.8299506850172299,0.12003812516427972,0.03293098447577141
71,0.8137739800551331,0.10125605568712909,0.03314112543935531
71,0.8524203725520055,0.16035712489672851,0.033180023591134616
71,0.840595690477923,0.12231613297567806,0.032953861070324296
71,0.8306589948587545,0.1249282888001047,0.032922192997392505
71,0.852477965067914,0.15990864116644607,0.03317647335624404
71,0.8527767339858192,0.15910152495609298,0.03317105436519437
71,0.8378803000165808,0.12618422508239746,0.032921392182878144
72,0.8465088660921284,0.11806667695617035,0.033005648733137875
72,0.8378192651092564,0.12655429449513253,0.03292144955481601
72,0.8378151556328939,0.1205192785034677,0.03293006946038292
72,0.9204268126094246,2.5952001238103658e-08,0.0443617438171139
72,0.8377614815046148,0.12075560859614623,0.03292955723197993
72,0.8466241753070397,0.11806925715435446,0.03300716574935872
72,0.8378303866007777,0.12134148099105055,0.032928141209736535
72,0.8569893452775722,0.07680816586959095,0.033484518341246966
72,0.8539420601668359,0.1371588246004513,0.0330513079007513
72,0.8466241753070397,0.11808446926305699,0.03300711793614534
72,0.7469219760867031,0.043877466728916896,0.03603596026575231
72,0.9204268126094246,2.0630774205185376e-09,0.04436176782121476
72,0.8463204298055562,0.11795791197177068,0.03300408822200747
72,0.9098909739767626,0.06918683999817468,0.03556610862709385
72,0.9098743973646205,0.06915340011326024,0.035566623231357904
73,0.8369712026421462,0.13082585795946466,0.03292489797009054
73,0.8377901166855544,0.12633913899672775,0.0329212745511224
73,0.7752211643677512,0.1401215182032286,0.033331794238240946
73,0.8445930038422519,0.13384436799250538,0.03300007312618176
73,0.9014780337808236,0.15966443153983717,0.034796804702989806
73,0.8381670225102155,0.12891556032102816,0.03292465586117147
73,0.8250580719480598,0.13826267374092185,0.032966583997749696
73,0.9014796255399036,0.02116494338122593,0.03902724831472256
73,0.8967595881307051,0.12610285052230566,0.034046825998459034
73,0.8314409363344422,0.12086322503971544,0.03292967392648701
73,0.7748237630448834,0.14495813395526919,0.03337960247725995
73,0.7861592997666274,0.10741047300498299,0.03326563024951267
73,0.8266659557871588,0.13082585795946466,0.032932045841266404
73,0.7752446080811677,0.13892432994572235,0.03332241377269708
73,0.7753651510493408,0.13844654568986492,0.03331814475717878
74,0.918192175384569,0.003921775739575376,0.04264147268742348
74,0.8378162951646017,0.1260863574587155,0.0329213744717226
74,0.8377960280844303,0.1260863574587155,0.032921331897435936
74,0.8378738393224434,0.12502743559649512,0.03292201664895837
74,0.8348176494634302,0.12316245626668142,0.03294348764573344
74,0.8372501646971344,0.13655083698918963,0.032939492979326516
74,0.8378660739856327,0.12502743559649512,0.03292199832416375
74,0.8354120503291858,0.12268046723610963,0.03292498859608459
74,0.8209913712459352,0.12263095089284679,0.03295291428656326
74,0.9255212424206443,0.036751425931918914,0.038177945993583824
74,0.794628170438382,0.12145482903780658,0.0331402759237647
74,0.9252750145013353,0.03590826765658694,0.03825442170693836
74,0.8351165905364545,0.12263272116418379,0.0329253349626862
74,0.8346490558773563,0.12318891942424492,0.03293622701451647
74,0.8351164452350782,0.12324239434232358,0.03293625456223709
