iters,res,f,objs
0,0.725,0.4,10.567319000314795
0,0.8375,0.2,9.145253190491944
0,0.6125,0.6,12.21193236741127
0,0.66875,0.3,11.309522343586226
0,0.89374995,0.7,9.18725214964077
0,0.78125,0.1,8.922837219032232
0,0.55625,0.5,13.220086769892031
0,0.584375,0.25,12.620172469640869
0,0.809375,0.65000004,9.631994966860235
0,0.921875,0.05,8.44325372059349
0,0.696875,0.45000002,10.933751270670546
0,0.640625,0.15,11.124261395627343
0,0.865625,0.55,9.243261653322756
0,0.75312495,0.35,10.224061282688414
0,0.528125,0.75,13.804004302994555
1,0.9359375238418579,0.4749999940395355,9.108406989680622
1,0.9448247087501164,8.452810114721866e-10,11.339230279155757
1,0.7109375,0.07500000298023224,9.780139524287295
1,0.9455340516047008,1.0256786910643863e-07,11.33335482272695
1,0.9448247087501164,9.380589787090949e-08,11.339222925364991
1,0.8234374523162842,0.2750000059604645,9.457968883905249
1,0.9322626440166097,2.5748841519833973e-07,11.44449286503095
1,0.879687488079071,0.17499999701976776,8.839435961718747
1,0.7671874761581421,0.7750000357627869,10.082822915430503
1,0.9494493533539602,5.036839508652039e-09,11.301124168348746
1,0.542187511920929,0.375,13.49502991149051
1,0.9469073189526201,5.91018184429977e-06,11.321559916483155
1,0.9438337423673805,4.936986216872029e-07,11.347401917004415
1,0.6546875238418579,0.574999988079071,11.544670080645846
1,0.9455340516047008,2.453156445980963e-07,11.333343533088225
2,0.9488899856131211,0.09212615129857545,7.974701798129984
2,0.9471597872836074,0.01971388720498985,9.82323832366929
2,0.9472628277737948,0.017747227390547765,9.9524678561786
2,0.9494238564273937,0.10265537952851306,8.170458135479821
2,0.9481737371180377,0.023236756832599133,9.584568908985023
2,0.9498902612448241,0.09212615129857545,7.973528945337898
2,0.9454656710310241,0.019709763075915,9.836140330788819
2,0.9450189636947107,0.01915564612007129,9.876049941065057
2,0.9481255530340233,0.10655642418531139,8.208577784753567
2,0.9471691303799421,0.10265537952851306,8.173532619861891
2,0.9483084705993133,0.021557036473552296,9.693726921935141
2,0.9496425300569634,0.09239867593582873,7.979756515693067
2,0.943228552378298,0.08776166433237886,7.930167622458606
2,0.9450189636947107,0.09298957672034586,7.998075228080673
2,0.9376532346165394,0.09534765626025801,8.060052119887844
3,0.9370675850312268,0.07768408175855546,7.877583769722729
3,0.948163862018273,0.07816293598223252,7.852978287690052
3,0.9499650770109934,0.08285921007501945,7.877798576574567
3,0.9496191164899025,0.08108348236547011,7.8636730989352275
3,0.9485081919113747,0.07800123301271995,7.852192794594911
3,0.9376855786900141,0.08299215009107666,7.900747481466719
3,0.9463037426294385,0.07767465326892281,7.857341678922999
3,0.9466659073993491,0.08035068307788457,7.863801621234042
3,0.9384507228037327,0.08299215009107666,7.8993598173026145
3,0.9483516637638504,0.08251527652870755,7.87776498321261
3,0.9460349759737745,0.07765586021675668,7.85794946653426
3,0.9412382030831095,0.07504337793906986,7.8871067030517095
3,0.9229371244303954,0.08455394755510987,7.94107549207294
3,0.598437488079071,0.675000011920929,12.450806733071019
3,0.9493728138305491,0.08548721667285962,7.900581669714847
4,0.9499858313180768,0.07792896093715039,7.849189704407368
4,0.9496256680188542,0.07799480256689498,7.849907729725582
4,0.9437440605573663,0.07782788442620173,7.862324201004943
4,0.9494364844724696,0.0778148900616451,7.850369418032317
4,0.9496484785571562,0.0753031981690105,7.8658821859402375
4,0.9497925763705343,0.07781468238021932,7.849664123384516
4,0.9499224125613114,0.07178233967982192,7.892464821476247
4,0.9499068271226703,0.07409621786982135,7.874516979873723
4,0.9499247030438065,0.0780816969593468,7.8494316726291595
4,0.5703125,0.125,12.243619181305219
4,0.9496099706942859,0.0780012309551239,7.8499893087959896
4,0.9499188070100409,0.07585431178813827,7.86112476711142
4,0.9490370264790677,0.07797605229553708,7.851092627822806
4,0.9498630887375713,0.07799521532948013,7.849474460328764
4,0.9496484785571562,0.07799480256689498,7.849859263826772
5,0.949993844376864,0.0782118933952278,7.849463404901196
5,0.9499892507493434,0.0774326403666625,7.85037549276103
5,0.8515625,0.625,9.273592748417423
5,0.9499710928215508,0.07803103271090596,7.849266887278595
5,0.7953125238418579,0.5250000357627869,9.777712194435964
5,0.949813613502178,0.07812268479598702,7.849706318876054
5,0.9476885909596934,0.07856429339316402,7.855056966611467
5,0.9499531887876277,0.0772580592259185,7.85132648753459
5,0.682812511920929,0.7250000238418579,11.13775734056587
5,0.9499999318237526,0.07792234075822863,7.849187398260692
5,0.9498801767085479,0.07871170457410451,7.851686259142672
5,0.9476302895460599,0.07825653935506918,7.854195957834603
5,0.9499742968922267,0.07717579134118217,7.851777135169038
5,0.6265624761581421,0.22500000894069672,11.802310940606095
5,0.9078124761581421,0.32500001788139343,9.136325584178552
6,0.9499929448325066,0.07799817377185132,7.8491884964166
6,0.94996712016618,0.07802244454875028,7.849230497864156
6,0.9499707617097901,0.07800803605132599,7.849272961635848
6,0.9499999859208512,0.07833825342006198,7.849825991979816
6,0.5210937261581421,0.21250000596046448,13.644733099496012
6,0.5140625238418579,0.42500001192092896,14.097223251888986
6,0.633593738079071,0.4124999940395355,11.853400429574695
6,0.9499999835956905,0.07780709273569739,7.849254060420287
6,0.914843738079071,0.512499988079071,9.146332406906998
6,0.9499999047586253,0.07792597995450153,7.84917215570868
6,0.74609375,0.612500011920929,10.326959046797214
6,0.8585937023162842,0.012500000186264515,11.096538609218456
6,0.6898437738418579,0.11250000447034836,10.171674813694002
6,0.739062488079071,0.02500000037252903,11.394918550710775
6,0.9499862731548784,0.07802244454875028,7.849190021726378
7,0.717968761920929,0.6625000238418579,10.671523487608614
7,0.9429687261581421,0.26250001788139343,9.061894249945999
7,0.9499959169968646,0.0780290710954733,7.849221058465058
7,0.9498237211738522,0.07782041543696977,7.8495679187463185
7,0.60546875,0.0625,12.687969871740975
7,0.8023437261581421,0.3125,9.678959100854529
7,0.577343761920929,0.7125000357627869,12.82812917491305
7,0.949987369694633,0.07789027666339716,7.84921623674681
7,0.9499684215523855,0.07801646888915732,7.849248458891066
7,0.9499989133703793,0.07792754912446805,7.84916768777242
7,0.8304687738418579,0.4625000059604645,9.42250834276952
7,0.9498458743161545,0.07792598009109497,7.849501209882384
7,0.9499398249597801,0.07802665202933332,7.849347520206237
7,0.9498784855139184,0.07889209239698626,7.852643604216945
7,0.9499953655841258,0.07782281819700672,7.849250354778344
8,0.9499864142800842,0.07791426831996774,7.849181507043709
8,0.9499988392302908,0.07812609305030631,7.849311570035452
8,0.5492187738418579,0.5625,13.37164466428059
8,0.9499992472464238,0.07808570573204744,7.849263785945065
8,0.9499994889606541,0.07808967265749879,7.849252038090957
8,0.9496989941650325,0.07811221998164576,7.849895789204473
8,0.9499980673788474,0.07784681855827864,7.849193335252908
8,0.9499998163960607,0.07806839497654064,7.849237476634875
8,0.9499990004215683,0.07848356503554059,7.850392302467157
8,0.9499992012431381,0.07810106068590605,7.849297995983663
8,0.9499997638151823,0.07785809589142041,7.849202572361504
8,0.6617187261581421,0.36250001192092896,11.421283431851188
8,0.9499994181427394,0.07806839497654064,7.849238312861577
8,0.88671875,0.762499988079071,9.20131470374567
8,0.774218738079071,0.16250000894069672,9.486634783838005
9,0.9499003780664682,0.07791285509805372,7.849371698969365
9,0.9499998630921659,0.07792375512193922,7.8491815938831495
9,0.7601562738418579,0.5875000357627869,10.16337065391747
9,0.5914062261581421,0.48750001192092896,12.563506668627795
9,0.9499293900890117,0.07791589708176033,7.84929647166386
9,0.9499843807985303,0.07791259638625506,7.849193076907774
9,0.9499963168093797,0.07775377999679821,7.849349478186876
9,0.81640625,0.08749999850988388,8.427134170592298
9,0.9289062023162842,0.6875,9.122469760331983
9,0.647656261920929,0.7875000238418579,11.648109322944041
9,0.8726562261581421,0.38750001788139343,9.211368152401509
9,0.9499976981623692,0.07791246049803653,7.849165174438872
9,0.703906238079071,0.2874999940395355,10.822357305437205
9,0.9499985482014193,0.07792755216360092,7.849168454825834
9,0.53515625,0.1875,13.214423484629949
10,0.7320312261581421,0.23749999701976776,10.425611131419302
10,0.9499661866724803,0.07796040829944725,7.849244472961858
10,0.67578125,0.5375000238418579,11.238285454310796
10,0.6195312738418579,0.03750000149011612,13.39291684843712
10,0.9007812738418579,0.13750000298023224,8.521879243987126
10,0.949979693076603,0.07796832022647307,7.849184764142443
10,0.9499775070024971,0.07796832022647307,7.849189413383066
10,0.9499579388577355,0.07811787787614272,7.849417387583295
10,0.9499989390401063,0.07796117889045359,7.8491717669841785
10,0.844531238079071,0.4375,9.274916088591974
10,0.9499991536309826,0.07781188978515405,7.849231677432188
10,0.9499872222021052,0.0780324711142178,7.849228069654649
10,0.563281238079071,0.3375000059604645,13.072513455170139
10,0.7882812023162842,0.737500011920929,9.851788249328864
10,0.9499998071385607,0.0778272293316853,7.849219015675049
11,0.6792968511581421,0.01875000074505806,12.62963502654816
11,0.9499543153141504,0.07793510165906566,7.84923131067742
11,0.949999925798985,0.07788727421248387,7.849202731158749
11,0.507031261920929,0.637499988079071,14.26836242112895
11,0.9499976896167514,0.07788783765291883,7.849205006665678
11,0.735546886920929,0.71875,10.45281523724889
11,0.9499512148290751,0.07791096378315497,7.849271097805213
11,0.949998044476404,0.07788630969836914,7.849211077364852
11,0.9499990773129826,0.07791245728731155,7.849162238004944
11,0.949991627512966,0.07791050657011092,7.849186608437781
11,0.904296875,0.41875001788139343,9.151133787451553
11,0.510546863079071,0.3187499940395355,14.163566594038508
11,0.8480468988418579,0.11874999850988388,8.469498056068785
11,0.623046875,0.518750011920929,12.039020593576186
11,0.9499648814066906,0.07790452016485422,7.849269798087048
12,0.932421863079071,0.3687500059604645,9.096399800964155
12,0.594921886920929,0.16875000298023224,11.978679172418834
12,0.9499675641548321,0.07790357099120564,7.849268182347915
12,0.9499932088622043,0.07790382318428694,7.849212201622917
12,0.9499986298515141,0.07796338255780495,7.849163787442062
12,0.791796863079071,0.21875,9.698718754391198
12,0.9499838074462408,0.07791287977201954,7.849193079171646
12,0.8199218511581421,0.5687500238418579,9.526026618017584
12,0.9499973127808182,0.07799509079547022,7.8491904415597045
12,0.9499985821996645,0.0780573087524207,7.849198582509692
12,0.949900334523821,0.07799707436232996,7.849388729060751
12,0.9499535068300974,0.07790295440678022,7.849232433691194
12,0.5667968988418579,0.6187500357627869,13.027220567699656
12,0.7074218988418579,0.768750011920929,10.806334317108654
12,0.9499131736431583,0.07791455062631279,7.849336984646235
13,0.763671875,0.06875000149011612,9.063369727546368
13,0.552734375,0.09375,12.95161119441316
13,0.9499999075868111,0.07792835057268827,7.849162204283723
13,0.9499999735391693,0.07792721485964592,7.849166825952326
13,0.9499852772881083,0.07792792043683214,7.849195250140746
13,0.9499999733845904,0.07797011082592656,7.849134657919074
13,0.8761718273162842,0.668749988079071,9.221912613264205
13,0.7777343988418579,0.4937500059604645,9.966751040939025
13,0.949985236560922,0.07792721485964592,7.849198297340442
13,0.9499856623078404,0.07792741873091404,7.849196532632185
13,0.651171863079071,0.26875001192092896,11.555283315087854
13,0.9499982623305802,0.07797140574142657,7.849133256924362
13,0.949999861496659,0.07792741873091404,7.849166210012807
13,0.8902343511581421,0.29375001788139343,9.16523718705106
13,0.5386718511581421,0.46875,13.573385447558238
14,0.9499669746513582,0.07795726180417856,7.849255174912663
14,0.8058593273162842,0.643750011920929,9.667914458376812
14,0.6089843511581421,0.59375,12.271170345890033
14,0.9499789383956209,0.0779540826316761,7.849171511106493
14,0.9499998855380457,0.07796236550929359,7.849165100717775
14,0.9464843273162842,0.793749988079071,9.093504292403294
14,0.721484363079071,0.39375001192092896,10.610975469807034
14,0.9499945843111486,0.07796577317761687,7.849163039689202
14,0.9499961615692353,0.07796196990967742,7.849174573108668
14,0.665234386920929,0.6937500238418579,11.387790020152439
14,0.9499941730463508,0.07788897629933351,7.849207458304107
14,0.833984375,0.19375000894069672,9.12989627184673
14,0.9499998189959742,0.07793025823186146,7.8491544026157865
14,0.580859363079071,0.24375000596046448,12.65964789320364
14,0.9499752748073005,0.07797140628099442,7.849182134449457
15,0.9499886641071315,0.07797432639986118,7.849214068029923
15,0.693359375,0.4437499940395355,10.980793608564337
15,0.6371093988418579,0.14374999701976776,11.143097821510215
15,0.524609386920929,0.7437500357627869,13.879177055204453
15,0.9499988154559058,0.07798145205038651,7.849165555922768
15,0.862109363079071,0.543749988079071,9.250672738715496
15,0.9499990798117393,0.07797102092356234,7.849133015719308
15,0.7496093511581421,0.34375,10.264486601842554
15,0.9499996821736582,0.07796257551396533,7.8491647103488855
15,0.9499999794542505,0.0779821216706214,7.849160561004714
15,0.9499910327428487,0.07797140628099442,7.84914862695548
15,0.9499998193318744,0.07797142525338005,7.849129870479624
15,0.517578125,0.10625000298023224,14.088695816848466
15,0.949999987409894,0.07796237252160433,7.849164856537193
15,0.9183593988418579,0.04374999925494194,8.593139154736388
16,0.9499999856667345,0.07786818546360054,7.849221908475461
16,0.9499988385260456,0.0778692156272443,7.849219635375279
16,0.9113280773162842,0.606249988079071,9.153451035096834
16,0.9499988226071622,0.07786743477862487,7.849160794497934
16,0.6019531488418579,0.35625001788139343,12.371503970607824
16,0.630078136920929,0.706250011920929,11.923099602756167
16,0.5738281011581421,0.40625,12.879659700724295
16,0.7425781488418579,0.5062500238418579,10.369438409508444
16,0.686328113079071,0.20624999701976776,10.8280478745545
16,0.826953113079071,0.7562500238418579,9.456857925899731
16,0.9499995699544654,0.07796952960600916,7.849137779374724
16,0.9499999849861192,0.07791170427457918,7.849163549896135
16,0.8550781011581421,0.3062500059604645,9.239704986852173
16,0.798828125,0.0062500000931322575,12.223871741408587
16,0.9499988990653263,0.07788602798759225,7.849210505431475
17,0.7707030773162842,0.2562499940395355,10.00084466727982
17,0.545703113079071,0.65625,13.440592172076832
17,0.756640613079071,0.6812500357627869,10.203312843265751
17,0.9499927622035801,0.0780557402904913,7.849215758738089
17,0.9499999329065031,0.07795435690620632,7.84919649139638
17,0.8832031488418579,0.45625001192092896,9.206795878026137
17,0.939453125,0.15625,8.613434005054186
17,0.5316406488418579,0.28125,13.690829831765283
17,0.9499905597908938,0.07797829426248967,7.849195007598112
17,0.658203125,0.05625000223517418,11.311281311600684
17,0.9499999705854043,0.0779789343908678,7.849172607803197
17,0.9499999779340653,0.07795464724884878,7.84919525023227
17,0.9499985049554809,0.07795565577268948,7.849194408248593
17,0.9499993048884441,0.07796555320983596,7.8491538594531765
17,0.7144531011581421,0.5562500357627869,10.71722502143631
18,0.9499930699897996,0.07798857500646539,7.849150975991644
18,0.9499994280585378,0.0779778961913868,7.849177685026335
18,0.869140625,0.08125000447034836,8.035093976685431
18,0.587890625,0.78125,12.635307527119194
18,0.9499998870881023,0.07796701342850754,7.849146917271376
18,0.700390636920929,0.18125000596046448,10.476971756353894
18,0.9499981433214479,0.07798971846908462,7.849208275833762
18,0.8128906488418579,0.3812499940395355,9.578644801330658
18,0.9253906011581421,0.581250011920929,9.127790054844283
18,0.6441406011581421,0.48125001788139343,11.692022433778673
18,0.9499991058485495,0.07798874468152502,7.8491375325009205
18,0.9499978077664397,0.07795077135679615,7.849144669868229
18,0.9499991031418535,0.07796320233196091,7.849163486505843
18,0.9499995849820357,0.07798832560842407,7.849138085802074
18,0.9499934800369787,0.0779883638271479,7.849150897207464
19,0.6722656488418579,0.6312500238418579,11.287216290650345
19,0.8410155773162842,0.731249988079071,9.32179492553885
19,0.897265613079071,0.23125000298023224,9.124106601610993
19,0.559765636920929,0.03125,16.040536829004648
19,0.9499991528007279,0.07797427661684624,7.849191983949486
19,0.5035156011581421,0.53125,14.337862093432262
19,0.9499996633645191,0.0779592375681819,7.849177848128776
19,0.9499999698597656,0.07795311330827671,7.849130610109027
19,0.9499999849515592,0.0779609711691343,7.8491703569736755
19,0.9499997668527224,0.0779714286327362,7.849129968919361
19,0.728515625,0.13125000894069672,9.805472669516064
19,0.616015613079071,0.33125001192092896,12.13064250857558
19,0.9499989273533566,0.07798506241137655,7.849151727141883
19,0.7847656011581421,0.4312500059604645,9.875428543120409
19,0.9499989546641678,0.0779722779923374,7.849199996603047
20,0.674023449420929,0.16562500596046448,10.728892404897023
20,0.8427734375,0.06562500447034836,8.337466442582883
20,0.9499999752977604,0.07795722145425323,7.849185113130276
20,0.9499984031336789,0.07798711785458197,7.849145121814717
20,0.9499964539275672,0.07796879614253666,7.849147263804818
20,0.9499970523967655,0.077926176293823,7.849177422827716
20,0.8990234136581421,0.565625011920929,9.176319821856064
20,0.5052734613418579,0.265625,14.242602263955204
20,0.9499966654260982,0.07796879614253666,7.849146814045642
20,0.6177734136581421,0.46562501788139343,12.11148138997332
20,0.7865234613418579,0.3656249940395355,9.85196783446612
20,0.730273425579071,0.6656250357627869,10.517657516177282
20,0.5615234375,0.765625,13.125688214528674
20,0.9499959438680068,0.07796879614253666,7.849148348465754
20,0.9499970951167519,0.07797101575282388,7.849137255871561
21,0.5474609136581421,0.140625,12.894580784664127
21,0.9499999794326824,0.0779600631488343,7.849173932826304
21,0.7724609375,0.5406250357627869,10.024810356294749
21,0.9499999086670353,0.0779615681926074,7.849168177319474
21,0.9499995493907861,0.0779706737229207,7.849133368292667
21,0.6458984613418579,0.31562501192092896,11.651962151363023
21,0.7021484375,0.6156250238418579,10.876870910651524
21,0.870898425579071,0.715624988079071,9.232901547579086
21,0.589648425579071,0.015625,15.748586519281332
21,0.533398449420929,0.515625,13.68421834998034
21,0.9271484613418579,0.21562500298023224,9.045824331556776
21,0.8146483898162842,0.4156250059604645,9.563311411883403
21,0.9499999694603051,0.07796072282055082,7.849171364464851
21,0.9499990589953403,0.07796328835445752,7.849163243520193
21,0.7583984136581421,0.11562500149011612,9.339389176815455
22,0.9499999749609808,0.07791842885012107,7.8491345742307095
22,0.800585925579071,0.7906250357627869,9.722147124680763
22,0.8849608898162842,0.34062501788139343,9.182293700411646
22,0.603710949420929,0.44062501192092896,12.347045785468657
22,0.949999898564238,0.07803073190792954,7.8492071192813455
22,0.9499986319488207,0.07797165247099139,7.849203060849513
22,0.949993672623221,0.07797000471969677,7.849148469049845
22,0.9499999746017881,0.07792026862894379,7.849196036568534
22,0.5755859613418579,0.390625,12.845936928897439
22,0.941210925579071,0.640625,9.100828069747866
22,0.7162109613418579,0.24062500894069672,10.62688435373074
22,0.8287109136581421,0.04062500223517418,9.414544741901357
22,0.9499989125386086,0.07797000471969677,7.849137326835139
22,0.659960925579071,0.7406250238418579,11.464419890522715
22,0.9499999669535473,0.07796885063817856,7.849139580872183
23,0.9130859375,0.19062499701976776,8.918322077081656
23,0.9499980978923299,0.07797167952834455,7.849204092133135
23,0.949999987148798,0.07797112816849194,7.84913066924542
23,0.9499999823140273,0.07797066098161184,7.849132497350548
23,0.8568359613418579,0.4906249940395355,9.261833309749576
23,0.9499998823794809,0.07797165809033192,7.849200383857487
23,0.9499984475748381,0.07797165809033192,7.849203431040727
23,0.744335949420929,0.2906250059604645,10.31803432811264
23,0.9499998828785556,0.07797112816849194,7.849130890950939
23,0.9499997251059654,0.0779714286327362,7.849130057682244
23,0.9499999856538994,0.07797142858206782,7.849129503894744
23,0.9499999762668321,0.07797513750868125,7.8491869694605185
23,0.6880859136581421,0.590624988079071,11.066378627958944
23,0.6318359375,0.09062500298023224,10.884703371398993
23,0.9499999879674291,0.07797142861324391,7.849129498854653
24,0.9499982647211335,0.07797623134389614,7.849186457605803
24,0.7513672113418579,0.453125,10.25163954166214
24,0.9499966525783804,0.07797083894066972,7.849138884859765
24,0.9499992502364971,0.07797682161971602,7.84918212942791
24,0.9499999841599699,0.07797271205241015,7.849196160357246
24,0.638867199420929,0.653124988079071,11.785194852604388
24,0.9499999461132378,0.07797005018214763,7.8491349520361995
24,0.9499879955489987,0.07797018570162605,7.849159836230375
24,0.9499967961945952,0.07797671746332505,7.8491877343266925
24,0.695117175579071,0.3531250059604645,10.950851665180947
24,0.9499940960799482,0.07799305274567389,7.849204679062291
24,0.519335925579071,0.690625011920929,13.994225425923691
24,0.8638671636581421,0.25312501192092896,9.206100051544723
24,0.949995798677367,0.07796971929298373,7.849145059847435
24,0.5263671875,0.05312500149011612,16.339242795687927
25,0.949997980044564,0.07796761996436356,7.849148605659044
25,0.9499867950420536,0.07797736644438429,7.849206511931603
25,0.9499999073078741,0.07797153593287479,7.849200795623952
25,0.949995228875559,0.07797691049894205,7.849190331122061
25,0.9499998007241248,0.07797209721471755,7.849198887180408
25,0.9499999073078741,0.07797101884191263,7.849131264333949
25,0.9499767967381839,0.07797276081225109,7.849245219249258
25,0.9499973912779944,0.0779776447640428,7.849182960573465
25,0.9499979658700908,0.07797189809708197,7.849203541140988
25,0.9499980904723271,0.07797031810688466,7.8491378546580615
25,0.9499999770581103,0.07796761996436356,7.84914435874104
25,0.9499998857021696,0.07797161779532352,7.849200530084486
25,0.9499953818086737,0.07797695664929669,7.849189831660401
25,0.9201171398162842,0.753125011920929,9.138592128670863
25,0.9499999654453086,0.07797189809708197,7.849199294567084
26,0.9499982090653438,0.07797690974087494,7.849184006389364
26,0.5826171636581421,0.5531250238418579,12.734157871050217
26,0.949999524910718,0.0779914926950674,7.849198865793876
26,0.6107422113418579,0.203125,11.91581788680963
26,0.9499999209443978,0.0779717190804371,7.849200069956865
26,0.8076171875,0.15312500298023224,9.079663315628316
26,0.9499995323878851,0.07797031895774481,7.849134785321466
26,0.9499950068616447,0.07797102641293326,7.84914165466538
26,0.9499990184904908,0.0779499431798802,7.849145437067773
26,0.949999435179896,0.07797130414418557,7.849131158330628
26,0.94999995648321,0.07797174710424039,7.849199887886994
26,0.9499995226987182,0.07796994645784192,7.849136256277332
26,0.9499999172340693,0.0779841167160246,7.849153181965818
26,0.9499996819088065,0.07798735850385048,7.849141505508453
26,0.9499999230738896,0.07798718176744358,7.8491416566148535
27,0.9499959631803425,0.07797073548620599,7.849140753365043
27,0.7794921398162842,0.3031249940395355,9.920312291505672
27,0.9499986921334597,0.07799018116866248,7.849205421164862
27,0.7232421636581421,0.40312501788139343,10.589534007808393
27,0.5404297113418579,0.328125,13.525065876461806
27,0.554492175579071,0.703125,13.264548159251422
27,0.9499989630156465,0.07795937675487313,7.849178791227948
27,0.8919922113418579,0.503125011920929,9.189585790718894
27,0.9499999626019683,0.07797160031968034,7.849200433247442
27,0.6669921875,0.10312499850988388,10.413001503553131
27,0.9499998764376202,0.0779654075786059,7.849153213109582
27,0.835742175579071,0.6031250357627869,9.371763574800147
27,0.9499999711679493,0.0779713165940385,7.849129970264537
27,0.9482421875,0.0031250000465661287,11.063880464566463
27,0.9499998581807857,0.07798739999644075,7.849140975839772
28,0.765429675579071,0.7281250357627869,10.102804147626887
28,0.9499999880698446,0.07797235531817648,7.849197507995831
28,0.9499999626890134,0.07796763864053617,7.849144316428361
28,0.9499999877482855,0.07796796563073422,7.849142987480718
28,0.9499941575984265,0.07796762743802428,7.8491567055446225
28,0.9499993983315014,0.07793588615910536,7.849131790404101
28,0.8779296875,0.12812499701976776,8.490397910011112
28,0.9499993916647259,0.07793545608198124,7.8491335978725045
28,0.9499998714880139,0.07793261661109324,7.849144426937228
28,0.9499999870226657,0.07793983276557712,7.84918440690336
28,0.6529296636581421,0.528124988079071,11.571595690223615
28,0.9499967996211014,0.07801044472123342,7.849209462568655
28,0.9499998995049801,0.07796736988884953,7.8491454995193655
28,0.949999988013094,0.07793846420319091,7.849189983859
28,0.9499987376059628,0.07793572692796623,7.84913386468798
29,0.6810547113418579,0.778124988079071,11.16167380511041
29,0.9499996021433748,0.07789074977443698,7.849187904933353
29,0.9499998794731584,0.07790610403623154,7.849188024408319
29,0.906054675579071,0.37812501192092896,9.144907804253268
29,0.8216797113418579,0.22812500596046448,9.436593902367155
29,0.9499993625662997,0.0780028238644637,7.849158075483588
29,0.709179699420929,0.02812500111758709,11.526263251938877
29,0.7935546636581421,0.578125,9.796123057850902
29,0.5966796875,0.628125011920929,12.48219191523206
29,0.9499998582090265,0.07789203838386971,7.849181610295675
29,0.9499995481072752,0.0778919339946542,7.849182740246656
29,0.9499997338292263,0.07801056612035441,7.849202833880017
29,0.9499999472264447,0.0778955300784631,7.849165873521246
29,0.568554699420929,0.17812500894069672,12.50632953671602
29,0.9341796636581421,0.4281249940395355,9.10126703739821
30,0.9499999520630661,0.07791931482292434,7.84913081258106
30,0.9499999520630661,0.07796900376191034,7.8491390157371415
30,0.8498046398162842,0.6781250238418579,9.277561061384796
30,0.949999663113445,0.0779818906290304,7.849162103210349
30,0.949999920623984,0.07796124380487252,7.849169424209673
30,0.949999633155562,0.07792605865268584,7.84917240530752
30,0.9499999718815321,0.07797424433455552,7.849190367165185
30,0.9499996124122693,0.07792992116092777,7.849156254845582
30,0.9499999659008161,0.0779818906290304,7.849161460496899
30,0.9499999856656299,0.07797772424012885,7.849177151673625
30,0.9499943084030843,0.07796138431188399,7.849180811944299
30,0.9499999063010464,0.07793349892775833,7.84914066677768
30,0.9499980126595677,0.077936150637068,7.849133645809212
30,0.624804675579071,0.27812501788139343,11.971739177433644
30,0.9499999875615184,0.07796971394802762,7.849136173313515
31,0.9499996477751741,0.07797141368722928,7.849130280233138
31,0.5123046636581421,0.4781250059604645,14.138404711464833
31,0.9499996991416702,0.07796990380042829,7.849136047209557
31,0.9499996447533933,0.07797009159271392,7.849135431597213
31,0.8462890386581421,0.359375,9.26542963766589
31,0.9499998423447289,0.07796975824806185,7.849136309562111
31,0.949997837577526,0.07799930586251488,7.849174027965792
31,0.5087890625,0.15937499701976776,14.091191698873883
31,0.9499999695204737,0.07797176387200211,7.84919979642085
31,0.621289074420929,0.7593750357627869,12.064273617256122
31,0.7373046875,0.078125,9.386998923335227
31,0.9499991454909781,0.07797142856652899,7.849131290336571
31,0.7337890863418579,0.559374988079071,10.475278871972453
31,0.9499997869263577,0.07796263216111897,7.849164265561776
31,0.9499996436223969,0.07796525239436122,7.849154314948799
32,0.5650390386581421,0.4593749940395355,13.048015314638604
32,0.677539050579071,0.2593750059604645,11.1654764566125
32,0.7900390625,0.05937499925494194,8.696475031213462
32,0.818164050579071,0.7093750238418579,9.543489758824759
32,0.9025390148162842,0.659375011920929,9.170216736302695
32,0.9499996176634604,0.07797569578582479,7.8491856143608345
32,0.9499999091694822,0.07797016074138742,7.849134600117397
32,0.9499999629443279,0.07797016074138742,7.849134485772302
32,0.9499999126425375,0.07797023076021592,7.849134320126791
32,0.9499955145469885,0.07797070880500966,7.849141811156542
32,0.9499984193394687,0.07797143045950854,7.849132826945602
32,0.5931640863418579,0.30937501788139343,12.517249347568548
32,0.9499978680889077,0.07801082031316894,7.849205890548414
32,0.9499999490477531,0.07797143045950854,7.849129574426393
32,0.9306640625,0.109375,8.25645135723486
33,0.9499997988378487,0.0779714295863946,7.849129897202448
33,0.9499999052666278,0.07797354273545654,7.8491931721521455
33,0.536914050579071,0.609375,13.622260870491221
33,0.6494140625,0.00937500037252903,14.248084062919434
33,0.9499964100214517,0.07797515082253395,7.849194491525954
33,0.949999977651048,0.07797108960475921,7.849130839464104
33,0.7619140148162842,0.20937500894069672,9.951004501399895
33,0.9499994980438344,0.07796339023850296,7.849161910656316
33,0.550976574420929,0.234375,13.164235242833637
33,0.9499998002376535,0.07797238106313392,7.849197809020197
33,0.9499983347595439,0.07797083712135125,7.849135315096133
33,0.8744140863418579,0.40937501192092896,9.209276648192013
33,0.9499999819214839,0.07796329407156154,7.849161257994199
33,0.7056640386581421,0.5093750357627869,10.831552884381257
33,0.7759765386581421,0.6343750357627869,9.985563820831137
34,0.8322265148162842,0.3343749940395355,9.383294334963782
34,0.691601574420929,0.684374988079071,11.017507477000578
34,0.7197265625,0.13437500596046448,9.933327247009997
34,0.949999915537661,0.07796693884621629,7.849147147932476
34,0.9166015386581421,0.28437501192092896,9.113661427321686
34,0.9499998719678477,0.0779764588401006,7.84918218322083
34,0.5791015625,0.08437500149011612,12.489673443148835
34,0.8041015863418579,0.484375,9.686232218736462
34,0.9499990338865135,0.07790976163141287,7.8491739860157645
34,0.6634765863418579,0.43437501788139343,11.400382226985956
34,0.888476550579071,0.03437500074505806,9.308692268944267
34,0.9499984307445681,0.07797265146689827,7.849199689529799
34,0.9447265863418579,0.534375011920929,9.093883726503394
34,0.9499999631556755,0.0779766316741265,7.849181335026101
34,0.607226550579071,0.734375,12.298848722803228
35,0.6845703125,0.07187499850988388,10.17436664142796
35,0.6283203363418579,0.5718750357627869,11.953069292230925
35,0.6353515386581421,0.3843750059604645,11.82389022775296
35,0.7970702648162842,0.2718749940395355,9.724194279923973
35,0.9095703363418579,0.47187501192092896,9.15582414315703
35,0.515820324420929,0.37187501788139343,14.054723560377335
35,0.9499999685933486,0.07792923101317652,7.849158384651862
35,0.853320300579071,0.171875,8.855694445194048
35,0.9499996972308109,0.07796797869696627,7.84914355432536
35,0.7408202886581421,0.7718750238418579,10.388861408045278
35,0.9499999367805305,0.07793755097203982,7.849193819223288
35,0.5228515863418579,0.5843750238418579,13.919985360672156
35,0.8603515625,0.784375011920929,9.255184820513678
35,0.747851550579071,0.18437500298023224,9.927493023277817
35,0.9499996057575398,0.07791757397578057,7.84913904288515
36,0.9499999289989659,0.0779745731420099,7.8491892105265295
36,0.9499985918752182,0.07798569357961975,7.849150067659194
36,0.6001952886581421,0.12187500298023224,11.615183390916545
36,0.8251953125,0.5218750238418579,9.473967326148397
36,0.572070300579071,0.671875,12.926823894931417
36,0.9376952648162842,0.3218750059604645,9.082507077412217
36,0.5439453125,0.421875,13.46245657090212
36,0.9499988811398962,0.077979258802738,7.849173694799709
36,0.9499996430863493,0.07797950565050087,7.849171144714538
36,0.7689453363418579,0.02187499962747097,11.283285162437853
36,0.656445324420929,0.22187499701976776,11.339431238776127
36,0.5298827886581421,0.046875,16.506498750894487
36,0.9499999356974754,0.0779743569971002,7.849190016448567
36,0.712695300579071,0.721875011920929,10.738444235468952
36,0.8814452886581421,0.621874988079071,9.211055598893564
37,0.7548828125,0.4468750059604645,10.210401920535228
37,0.6986328363418579,0.34687501192092896,10.903019381691726
37,0.9499970003735049,0.07797198815919852,7.849205249082268
37,0.8955078125,0.09687500447034836,8.149248691773796
37,0.9499999351657965,0.07794648238591342,7.849157493350364
37,0.5580078363418579,0.296875,13.165569433812367
37,0.8673827648162842,0.24687500298023224,9.19526399581406
37,0.9499974249469257,0.07797356946121128,7.84919833777265
37,0.642382800579071,0.6468750238418579,11.730731416511953
37,0.9499995930511617,0.07797350347932626,7.849193984240593
37,0.8111327886581421,0.14687500894069672,9.00179330173907
37,0.9499995003128376,0.0779715188057271,7.849201725147172
37,0.586132824420929,0.546875,12.670638988406115
37,0.783007800579071,0.6968750357627869,9.908601254978644
37,0.923632800579071,0.746874988079071,9.1322757701608
38,0.502636730670929,0.3984375,14.353017391338053
38,0.726757824420929,0.3968749940395355,10.545191196311356
38,0.501757800579071,0.796875,14.38541150510228
38,0.7276366949081421,0.7984375357627869,10.549311469713382
38,0.9499992399192884,0.07796451092510903,7.849158073385583
38,0.9499995186625074,0.07794150272779765,7.849178605513733
38,0.8392578363418579,0.596875011920929,9.338232276818346
38,0.840136706829071,0.19843749701976776,9.110309819000705
38,0.9499997448408922,0.07796357074807538,7.849160678926023
38,0.9499999365964283,0.07793967510880542,7.849185156809544
38,0.6142578125,0.19687500596046448,11.819874991713906
38,0.6705077886581421,0.49687501788139343,11.313880875987573
38,0.949999975821058,0.07798198197195787,7.849161095175114
38,0.6151367425918579,0.598437488079071,12.167969080082377
38,0.9499998507920756,0.07794093907256495,7.849180191646824
39,0.9499978180640589,0.07798263180599838,7.849163226844042
39,0.9499999816168389,0.07794059020649897,7.849181333175979
39,0.9245116710662842,0.34843751788139343,9.108559459956142
39,0.558886706829071,0.698437511920929,13.178667024369982
39,0.5870116949081421,0.1484375,12.00715586718053
39,0.9499969981743605,0.07790724307031587,7.8491892502191165
39,0.7838866710662842,0.2984375059604645,9.87165630425111
39,0.949999977308201,0.07797047656227635,7.849133225768947
39,0.9499999848396035,0.07794141944013606,7.849177950687582
39,0.67138671875,0.09843750298023224,10.315366921204042
39,0.8963867425918579,0.4984374940395355,9.181014871571577
39,0.9499999816168389,0.0779414466672742,7.8491778467586615
39,0.9499963784337042,0.0779838657670695,7.849161636964063
39,0.81201171875,0.5484375357627869,9.605339112330174
39,0.9499968787632792,0.07798212662508598,7.8491671239951035
40,0.9499991439572306,0.07797130110668805,7.849131789357188
40,0.7557617425918579,0.04843750223517418,9.61418638605817
40,0.9499972909086839,0.07796934566476832,7.849143342282528
40,0.9499959145294334,0.07797492935949664,7.849196383648744
40,0.88232421875,0.22343750298023224,9.139214049896253
40,0.699511706829071,0.7484375238418579,10.910638279178128
40,0.9499981070477523,0.07797371727111088,7.84919632798781
40,0.9499992231268986,0.07797134883694909,7.849131435368036
40,0.53076171875,0.44843751192092896,13.737566938865637
40,0.8682616949081421,0.6484375,9.238089396229716
40,0.5448242425918579,0.0234375,17.103678231341252
40,0.9499991058338015,0.07797147758931555,7.849202719743973
40,0.9499998933589402,0.07797142869332122,7.8491296997025
40,0.643261730670929,0.24843750894069672,11.650140324820985
40,0.769824206829071,0.4234375059604645,10.03911331848367
41,0.572949230670929,0.2734375,12.867260588292051
41,0.910449206829071,0.07343750447034836,7.974710242164129
41,0.6854492425918579,0.47343751788139343,11.090069514483252
41,0.6573241949081421,0.6234375238418579,11.504801880683457
41,0.9499997144931982,0.07797203215433718,7.84919931770891
41,0.7979491949081421,0.6734375357627869,9.749761579932661
41,0.9385741949081421,0.723437488079071,9.106099305359518
41,0.9499999743661797,0.07797006988912865,7.849134815225637
41,0.9499999462600595,0.07797157599716874,7.849200560481333
41,0.9499999867096826,0.07796441863372798,7.8491568460595635
41,0.9499998725821298,0.0779714286327362,7.849129744114281
41,0.8260742425918579,0.12343750149011612,8.6983098954167
41,0.60107421875,0.5234375,12.407433383279464
41,0.713574230670929,0.32343751192092896,10.70448776052537
41,0.629199206829071,0.17343750596046448,11.439368348255396
42,0.9499997222338463,0.07797521588064674,7.849187211681125
42,0.74169921875,0.3734374940395355,10.361203648381876
42,0.9499999822152573,0.07796754610447573,7.8491446359698775
42,0.9499998106593497,0.07796941278597101,7.8491377226312355
42,0.949976981825825,0.07797112235094389,7.849179609659468
42,0.9499990526453681,0.07797519495044676,7.849188712837977
42,0.949999382628354,0.07793753627670796,7.849195060711445
42,0.9499761780581055,0.07796754610447573,7.84919526133749
42,0.949999986359253,0.07797483168557358,7.849188107911405
42,0.9499990006387542,0.07794905565746232,7.849149064352217
42,0.9499990393251299,0.07797519495044676,7.849188741122107
42,0.9499953569449949,0.07795909749918382,7.849187560595255
42,0.8541991710662842,0.573437511920929,9.267733469092516
42,0.949999986359253,0.07797086378182222,7.849131699564283
42,0.9499998187462443,0.07797292236939164,7.849195712423466
43,0.6924804449081421,0.28593751788139343,10.974268655645476
43,0.9499999799449423,0.07793081495803128,7.849151729017393
43,0.9499997152719659,0.07797122363730585,7.8491308759426675
43,0.9499979197328243,0.07795093847011363,7.84914375616313
43,0.804980456829071,0.0859375,8.534084701977921
43,0.91748046875,0.6859375238418579,9.142796389696839
43,0.9499999622347982,0.07801716165408575,7.849179378813299
43,0.9499970039486125,0.0779664213542033,7.8491553609556695
43,0.523730456829071,0.18593750894069672,13.445458956322527
43,0.63623046875,0.785937488079071,11.824687745748859
43,0.748730480670929,0.5859375,10.295984141218424
43,0.9499999586642989,0.07793058402650468,7.849152740807919
43,0.5166991949081421,0.7734375,14.050349210697705
43,0.8612304925918579,0.38593751192092896,9.235211607600617
43,0.9499998339721899,0.07797086631797864,7.84913201371468
44,0.9499999847650948,0.07797159715863816,7.849200398203455
44,0.9499922834197237,0.0779869746799295,7.8491586458851135
44,0.945605456829071,0.13593749701976776,8.447849009834936
44,0.9499998852934286,0.07796988052429778,7.84913574202326
44,0.9499982453235701,0.07798582861044573,7.849150295955018
44,0.9499999857876333,0.07797143016792833,7.849129497442684
44,0.8331054449081421,0.7359375357627869,9.397224918276217
44,0.5799804925918579,0.4859375059604645,12.769358907989895
44,0.9499999854240461,0.07798555839978201,7.849147617973829
44,0.664355456829071,0.03593749925494194,11.941472665627911
44,0.9499962755841709,0.0779717677345259,7.849207626763383
44,0.949999964844605,0.0779756561049872,7.84918502758549
44,0.7206054925918579,0.535937488079071,10.639135717319686
44,0.9499999181487345,0.077970191228853,7.849134462324595
44,0.608105480670929,0.3359375,12.263796971364426
45,0.9499994657830261,0.07795425343393797,7.8491978936864575
45,0.77685546875,0.23593750596046448,9.911126672974039
45,0.8893554210662842,0.4359374940395355,9.181861156872197
45,0.537792980670929,0.2109375,13.289971449213457
45,0.9499961515310369,0.07799172450795357,7.849205168297942
45,0.5518554449081421,0.635937511920929,13.317834694140823
45,0.949999645783594,0.07797129587440106,7.84913074270262
45,0.7627929449081421,0.6109375357627869,10.133182378998404
45,0.9499999483952067,0.0779512633921659,7.849138121207109
45,0.9499969416775522,0.07797131851222153,7.849136404267881
45,0.875292956829071,0.010937499813735485,11.068024787912005
45,0.949999652313655,0.07795425343393797,7.849197496746344
45,0.9499996090629605,0.07797142537212597,7.849130317098028
45,0.6502929925918579,0.41093751788139343,11.595028006038353
45,0.9499975715072372,0.07795117473076295,7.84914354381857
46,0.8190429210662842,0.3109374940395355,9.509236410055282
46,0.9315429925918579,0.510937511920929,9.116365060186544
46,0.9499999774650593,0.07795467847504577,7.8491951280650865
46,0.9499999837561967,0.07795393193593694,7.849127280380405
46,0.56591796875,0.06093750149011612,14.282076967071669
46,0.9499999823235705,0.07795401431257143,7.849126951466682
46,0.9499999878300918,0.07795392710031065,7.84912729118876
46,0.9499999617053838,0.07795401436733675,7.849126995171695
46,0.70654296875,0.11093749850988388,9.937533248911567
46,0.9499994452677021,0.07795503346504348,7.849194860588324
46,0.9499998892861007,0.07795391887448667,7.849127534282936
46,0.9499999325460831,0.07797105838887726,7.849131056811894
46,0.9499998792802614,0.07795473239547755,7.849195124328874
46,0.9499999644955873,0.0779552282603843,7.8491929876757025
46,0.594042956829071,0.7109375,12.527164469742884
47,0.734667956829071,0.16093750298023224,9.920330397615743
47,0.9499949021221503,0.0779540166258812,7.849137765375429
47,0.9499998863441834,0.07795562746660241,7.849191580385394
47,0.7909179925918579,0.4609375,9.814895899637179
47,0.9499998155041558,0.07795393179138896,7.849127639416916
47,0.9499999760597079,0.07792998627888742,7.849155205742329
47,0.6221679449081421,0.3609375059604645,12.033064774957461
47,0.678417980670929,0.660937488079071,11.199783356934462
47,0.9034179449081421,0.26093751192092896,9.131515633905291
47,0.9499994225943599,0.07795558011533572,7.849192753809662
47,0.9499999444691909,0.07795615651487023,7.849189372107034
47,0.9499999222079931,0.07795624837907501,7.84918905759742
47,0.84716796875,0.760937511920929,9.283548570044328
47,0.9499998578086336,0.07795180025737876,7.8491361465730245
47,0.9499999762649042,0.07795668135789395,7.849187237330568
48,0.9499992690634197,0.0779708571680389,7.849133250478766
48,0.9499978168532207,0.07795993323388628,7.849179043727269
48,0.9499999739303128,0.07794354724112044,7.849169322035008
48,0.79443359375,0.1796875,9.39944364981566
48,0.9069335460662842,0.7796875238418579,9.162826382683262
48,0.625683605670929,0.6796875,11.994008253592195
48,0.9499974582767987,0.07796737587113386,7.849150667841661
48,0.681933581829071,0.37968751788139343,11.13380601432876
48,0.9499999774075121,0.0779547712936483,7.849194762103797
48,0.9499998570476402,0.07796556312743275,7.849152646332482
48,0.5096679925918579,0.5609375238418579,14.21046200194971
48,0.8506835699081421,0.2796874940395355,9.243738848168894
48,0.7381836175918579,0.47968751192092896,10.42243533303916
48,0.51318359375,0.07968749850988388,15.541272988216747
48,0.9499958421871173,0.07795993323388628,7.849183244736977
49,0.949999933113371,0.0779386467517531,7.849189356389639
49,0.5694335699081421,0.5796875357627869,12.977946878590396
49,0.949998137744229,0.07795287046329928,7.849135492951603
49,0.949996622160139,0.07792926578607762,7.849165384592481
49,0.822558581829071,0.629687488079071,9.499916364372824
49,0.9499998459826386,0.0779388351272405,7.849188773978744
49,0.9499997741491031,0.07793835673124945,7.849190878187665
49,0.7100585699081421,0.4296875,10.759063736505553
49,0.93505859375,0.02968749962747097,9.257724534704135
49,0.9499997836396764,0.07795429236631986,7.849197063672416
49,0.5975586175918579,0.22968749701976776,12.298135887431291
49,0.7663085460662842,0.3296875059604645,10.070738710464026
49,0.8788086175918579,0.5296875238418579,9.215963076528471
49,0.9499997730438894,0.0779388351272405,7.849188929481621
49,0.65380859375,0.12968750298023224,10.808871915400884
50,0.9499980745326544,0.07795409712435344,7.849130682221445
50,0.9499999876483871,0.07795332766732513,7.849129707862092
50,0.9499986084324122,0.07795426453101642,7.849199674359113
50,0.949999777654211,0.07795418852186192,7.849197486146389
50,0.9499997784979924,0.07795418852186192,7.849197484350951
50,0.949999930498255,0.07795490190440907,7.849194346832464
50,0.9499999863679721,0.07795421382247415,7.849196942168859
50,0.541308581829071,0.729687511920929,13.528547844924574
50,0.9499998802748235,0.07796366034595116,7.849160040076549
50,0.9499986196361146,0.07795135850507488,7.849140568330575
50,0.9499991129979344,0.07795410681181938,7.84912843078302
50,0.555371105670929,0.3046875,13.21982057457578
50,0.9499997941074391,0.07795747351047758,7.8491845066731285
50,0.9499998914226944,0.07795338554367325,7.849129679525293
50,0.9499999291331978,0.0779654108608739,7.84915308820309
51,0.611621081829071,0.604687511920929,12.226595755938252
51,0.9499999065628124,0.0779540166258812,7.849127103549231
51,0.8366210460662842,0.20468750596046448,9.186885439447305
51,0.9491211175918579,0.4046874940395355,9.070724838493705
51,0.9499997301325716,0.0779540159029086,7.8491274823382975
51,0.9499997117796024,0.07796575372106716,7.849152210398878
51,0.9499999499920142,0.07795414684611851,7.849197283856459
51,0.9499996518398901,0.0779540159029086,7.849127649136961
51,0.72412109375,0.004687500186264515,13.247136516772528
51,0.9499999880283855,0.07795695951692588,7.849186117121923
51,0.892871081829071,0.10468750447034836,8.275250695243363
51,0.9499998705201312,0.07795457239329494,7.849195774071181
51,0.7803710699081421,0.7046875357627869,9.937207683284145
51,0.6678711175918579,0.504687488079071,11.3517524993724
51,0.9499999789175323,0.0779540166258812,7.8491269494008975
52,0.9499984202986073,0.07797457121087444,7.849192421502399
52,0.9499999808630382,0.07797493832392427,7.849187715103794
52,0.8084961175918579,0.5546875,9.641049505170214
52,0.695996105670929,0.754687488079071,10.957541487174707
52,0.9499999796044442,0.07795484839962605,7.84919445333803
52,0.58349609375,0.15468750894069672,12.103868708086605
52,0.9209960699081421,0.35468751192092896,9.115415192654366
52,0.9499988204162825,0.0779540166258812,7.849129417535281
52,0.86474609375,0.6546875238418579,9.245457951955531
52,0.9499970794540686,0.07797493832392427,7.849193876002175
52,0.6397460699081421,0.25468751788139343,11.714929790469297
52,0.9499999812091389,0.07797443347496343,7.849189629598793
52,0.752246081829071,0.0546875,9.434446455661393
52,0.9499981739268325,0.07795439039836176,7.849200102380237
52,0.9499995441194554,0.07797559541746951,7.849186150959765
53,0.9499999615626366,0.07795864120994148,7.8491795575879255
53,0.9499996532092351,0.07795057730898908,7.849141521642212
53,0.9499996533204949,0.07794964996926412,7.849145269814888
53,0.9499999151097864,0.07795180709626995,7.8491359968763
53,0.6327148675918579,0.4921875,11.870726261179007
53,0.9499939467039304,0.07791592472201188,7.849158250870308
53,0.9499990189180832,0.07791819004222403,7.8491376464143885
53,0.9499999870778681,0.07795190834298357,7.849135434847494
53,0.7452148199081421,0.692187488079071,10.336918708576308
53,0.5272461175918579,0.4546875059604645,13.812303095237414
53,0.9499999542662794,0.07795683049847808,7.849186696904239
53,0.9499999498991185,0.07795660677295896,7.8491875871324694
53,0.857714831829071,0.09218750149011612,8.141642974570619
53,0.9499993192030584,0.07792373994505822,7.84918281935338
53,0.520214855670929,0.29218751192092896,13.941161783139512
54,0.9499995471185592,0.07794774347673886,7.8491532109281765
54,0.9139648675918579,0.5921875238418579,9.148500735905015
54,0.576464831829071,0.792187511920929,12.843048662397896
54,0.9499986528563508,0.07795655464203793,7.849190552246584
54,0.82958984375,0.44218751788139343,9.417160922029694
54,0.8014647960662842,0.3921875059604645,9.696349585025413
54,0.9420897960662842,0.2421875,9.054808005086942
54,0.9499999839479625,0.07795401687516988,7.849126937679114
54,0.9499999096299458,0.07795394076444569,7.849127402724511
54,0.9499991945490468,0.07795989077985227,7.8491762794912505
54,0.9499999835676954,0.07786958060585038,7.8492154987930345
54,0.717089831829071,0.6421875357627869,10.682854908426291
54,0.6045898199081421,0.04218750074505806,13.705109500503326
54,0.9499997194980552,0.07795655464203793,7.849188282667063
54,0.68896484375,0.19218750298023224,10.698098510014503
55,0.5342773199081421,0.1171875,13.428107837886488
55,0.8717772960662842,0.31718751788139343,9.20607262428116
55,0.8858398199081421,0.7421875,9.202931180084247
55,0.646777331829071,0.7171875238418579,11.66237910981433
55,0.9499986828011722,0.07795502645558368,7.849196510710522
55,0.75927734375,0.5171875357627869,10.173793851374441
55,0.9499986828011722,0.07795395682099927,7.849129951728981
55,0.9499999429171463,0.0779540695973911,7.849126812641674
55,0.9499997886858386,0.07795434992972307,7.849196825822519
55,0.949999405674806,0.07795394713502232,7.849128450707206
55,0.9499955377961503,0.0779540166258812,7.8491364110762385
55,0.660839855670929,0.3421874940395355,11.432000989584369
55,0.9499999802985583,0.0779540166258812,7.8491269464584645
55,0.7733398675918579,0.14218750596046448,9.359180850678749
55,0.54833984375,0.542187511920929,13.38960024863073
56,0.9499996952361066,0.07795373493693694,7.849128689031423
56,0.6749023199081421,0.567187488079071,11.250409538178427
56,0.8155273199081421,0.01718750037252903,11.140166321382639
56,0.9499997997213729,0.07795422136567956,7.849197309592027
56,0.9499999759770982,0.07795470620658708,7.849195021853325
56,0.928027331829071,0.6171875,9.12341659618856
56,0.9499999627417444,0.07795422121277644,7.849196963285637
56,0.9499999799984453,0.077954052871899,7.849126801038876
56,0.89990234375,0.16718749701976776,8.750025405021026
56,0.7030273675918579,0.21718750894069672,10.687107557273617
56,0.5624023675918579,0.3671875,13.093086172612312
56,0.9499995733535012,0.07793911135381876,7.849188228990025
56,0.590527355670929,0.41718751192092896,12.576232562734617
56,0.787402331829071,0.7671875357627869,9.861121543708956
56,0.9499997072462767,0.07795517633889645,7.849193739782544
57,0.9499999647362605,0.07795405387878418,7.849126829496673
57,0.50439453125,0.1328125,14.36340602165494
57,0.9499991614480284,0.07796730796395386,7.84914731079355
57,0.9499997443276504,0.07795310469620317,7.849131125343838
57,0.8418945074081421,0.33281251788139343,9.290811026340757
57,0.731152355670929,0.2671875059604645,10.468480171127464
57,0.9499999220557273,0.07794555998955831,7.849161261608403
57,0.61865234375,0.06718750298023224,11.987791096503784
57,0.7293945550918579,0.5328125357627869,10.529432770112678
57,0.506152331829071,0.667187511920929,14.287682977190126
57,0.9499999210616931,0.07796704057895378,7.849146739031208
57,0.8436523675918579,0.4671874940395355,9.296524886631252
57,0.9499958758991511,0.07796032308792172,7.849181642119555
57,0.9499998191231006,0.07795391117519322,7.849127714790968
57,0.9499999243939563,0.07797155604252128,7.849200682832974
58,0.78564453125,0.03281250223517418,10.341151019298314
58,0.8981444835662842,0.6328125,9.17840109714386
58,0.64501953125,0.08281250298023224,10.71975313781378
58,0.813769519329071,0.7828125357627869,9.587478100191843
58,0.9499997919200022,0.07794889426715157,7.84914803110553
58,0.92626953125,0.18281249701976776,8.841112931291281
58,0.7012695074081421,0.582812488079071,10.88880128245154
58,0.616894543170929,0.7328125238418579,12.136879655290409
58,0.9499975651938187,0.0779541702561365,7.8491314726570005
58,0.5606445074081421,0.43281251192092896,13.13221620802597
58,0.5887695550918579,0.3828125,12.605323788730908
58,0.673144519329071,0.23281250894069672,11.167471941031193
58,0.949999988079071,0.07794959294013307,7.849144787086424
58,0.949999988079071,0.0779497750999467,7.849144050534791
58,0.9499995020946909,0.07796119824436731,7.849170493271826
59,0.9499999861298454,0.07792559393039446,7.849173603010108
59,0.9499999861298454,0.07792571538567072,7.849173092920083
59,0.9499999707501743,0.07795425985170537,7.849196793787584
59,0.9499979497551533,0.07794881589545426,7.849152273822306
59,0.8700195550918579,0.4828124940395355,9.233851098900535
59,0.9499999840397458,0.0779547040145602,7.849195013341985
59,0.949999959854821,0.07794853317069833,7.849149134420287
59,0.949999987869494,0.07794590775783068,7.849159710826342
59,0.9499999875832613,0.07796000637241714,7.84917413843205
59,0.949999982386713,0.07796000637241714,7.849174149487318
59,0.9499999521127318,0.07792288510868864,7.849185063767348
59,0.9499999414755844,0.0779021225584174,7.84913662652292
59,0.9499999679005154,0.07794853317069833,7.849149117274985
59,0.9499999515080074,0.07795018287276291,7.849142480038972
59,0.7575194835662842,0.2828125059604645,10.161727799482675
60,0.9499999855411843,0.077954215860273,7.8491969358875915
60,0.7715820074081421,0.6578125357627869,10.034124892467954
60,0.9499996475591505,0.07796757200921244,7.849145246579566
60,0.9499994907639976,0.07794945354193042,7.84914641053805
60,0.94999998609343,0.07796329524056564,7.849161244542108
60,0.9499993935809852,0.07794683175095476,7.849157231586275
60,0.949999911658557,0.07794938472468407,7.849145791965995
60,0.9499994059935464,0.0779558087162186,7.849191888223849
60,0.94999997974341,0.07795390059719866,7.849127415225711
60,0.884082019329071,0.05781250074505806,8.381297252313553
60,0.546582043170929,0.2578125,13.351516396952729
60,0.9499999796571063,0.07795383567013806,7.8491276770780685
60,0.949999947027452,0.07796789358972846,7.849143355093934
60,0.9499993792294664,0.07796767817992206,7.849145402956171
60,0.532519519329071,0.682812511920929,13.712496036688027
61,0.6590820550918579,0.45781251788139343,11.465968286685522
61,0.9499998895749228,0.07795403717627825,7.8491270569288645
61,0.94999813533401,0.07795471140092419,7.849198918203503
61,0.9499999065755863,0.07795745690503962,7.849184332721875
61,0.949999948394543,0.07795371013284744,7.849128249659393
61,0.9499997468011026,0.07795375880748204,7.8491284829605
61,0.949998002891779,0.0779541459481878,7.849130638109771
61,0.9499999569578027,0.07795554020705152,7.849191774043119
61,0.9499975218714368,0.0779581340988817,7.849186742348356
61,0.949998002891779,0.07795403094417754,7.84913110154037
61,0.71533203125,0.15781250596046448,10.135058959199515
61,0.9499993615164625,0.07795471140092419,7.849196308917731
61,0.9403320550918579,0.557812511920929,9.101560030936364
61,0.9499996381966365,0.07795798036695231,7.849182844269742
61,0.9499998895749228,0.07795401138743253,7.849127160850188
62,0.743457019329071,0.10781250149011612,9.45361150146521
62,0.9499998543120682,0.07794847583261814,7.8491495913894465
62,0.5254882574081421,0.3453125059604645,13.84170543641556
62,0.57470703125,0.0078125,16.84782920953068
62,0.8278319835662842,0.3578124940395355,9.428358994789628
62,0.687207043170929,0.6078125238418579,11.07826257999486
62,0.7997070550918579,0.4078125059604645,9.715736142595935
62,0.5184570550918579,0.5078125,14.003482352950595
62,0.9499998178534678,0.07793064416003785,7.849152789809517
62,0.9499999804807764,0.07795421090014193,7.849196966227649
62,0.602832019329071,0.7578125,12.373557747338074
62,0.9499994607458497,0.07794375681525999,7.8491695644918575
62,0.85595703125,0.707812488079071,9.26429862919542
62,0.6309570074081421,0.30781251192092896,11.883424629070038
62,0.9122070074081421,0.20781250298023224,9.03776371449496
63,0.9499995320496767,0.07795402581608128,7.849127864396672
63,0.9499999863113596,0.07795390045767935,7.849127401795224
63,0.9499999507735045,0.07795360397746194,7.849128672488881
63,0.6942383050918579,0.04531250149011612,10.900051426895464
63,0.9499995723064096,0.07795282496021584,7.849132620044527
63,0.9499999069363431,0.07795422969717093,7.849197048563431
63,0.9499996722263626,0.07795503805924452,7.849194359519681
63,0.9499972668271344,0.07795405414269033,7.8491325762156015
63,0.637988269329071,0.5453125238418579,11.800343384905286
63,0.75048828125,0.745312511920929,10.274487685148346
63,0.8629882335662842,0.14531250298023224,8.640522333918177
63,0.919238269329071,0.4453125,9.137844550878263
63,0.9499998089064218,0.07795319192293915,7.84913063601488
63,0.9499978908581765,0.07795363318324434,7.849132943405458
63,0.9499996285024985,0.07795503805924452,7.849194452561261
64,0.89111328125,0.6953125,9.192336541349034
64,0.9499998165566558,0.07793656023465388,7.849128088196545
64,0.8348633050918579,0.5953125357627869,9.380178742464393
64,0.6661132574081421,0.2953124940395355,11.34626722201563
64,0.581738293170929,0.645312488079071,12.748650193092919
64,0.9499998143206996,0.07795403583084765,7.849127222675432
64,0.778613269329071,0.09531249850988388,8.896630968674781
64,0.722363293170929,0.7953125238418579,10.61506588603304
64,0.9473632574081421,0.39531251788139343,9.073022707005583
64,0.8067382574081421,0.24531249701976776,9.60959489198368
64,0.9499998552257027,0.07795606408159853,7.8491899261483615
64,0.60986328125,0.1953125,11.882037881192137
64,0.9499995655117164,0.07795342635111986,7.849130209360595
64,0.9499996284978817,0.07795405408897328,7.849127544987695
64,0.9499999367737069,0.07793226614181097,7.849145752277437
65,0.8770507574081421,0.27031251788139343,9.185731529649459
65,0.9499993913204869,0.07795455109169393,7.849196877826729
65,0.9499999803087849,0.07795236610119224,7.849133601906422
65,0.652050793170929,0.6703125238418579,11.583049290429967
65,0.9499996906841495,0.07795405387878418,7.849127413350153
65,0.9499999818012657,0.07795404311826282,7.84912683650146
65,0.9333007335662842,0.770312488079071,9.115580954550973
65,0.9499993632028844,0.07793075428902317,7.849153299703495
65,0.5536133050918579,0.49531251192092896,13.271803714129392
65,0.9499997300683967,0.07795386091291155,7.849128107083834
65,0.708300769329071,0.37031251192092896,10.777936590263847
65,0.9499996655257511,0.0779558120273662,7.849191322929111
65,0.9499995881047406,0.07793088305276472,7.849152280726009
65,0.53955078125,0.0703125,14.907702832174945
65,0.7645508050918579,0.4703125059604645,10.113895254873603
66,0.82080078125,0.17031250894069672,9.07545977512468
66,0.567675769329071,0.22031250596046448,12.767139895179877
66,0.7926757335662842,0.620312511920929,9.805320212592875
66,0.9499993324544437,0.07793857700548117,7.849190921436579
66,0.9499999790142776,0.07795410962019449,7.849197368990983
66,0.9051758050918579,0.02031250111758709,10.109593039679742
66,0.9499998802655037,0.07795439499905124,7.849196453131564
66,0.68017578125,0.4203124940395355,11.160945443899847
66,0.949999988079071,0.0779391635415014,7.849187132070193
66,0.9499990653698923,0.07795218129488408,7.849136297048299
66,0.6239258050918579,0.12031250447034836,11.205992043266077
66,0.5958007574081421,0.5703125,12.498484531311211
66,0.94999897956446,0.07787833764485501,7.849177510746466
66,0.9499999003423574,0.07795348757462776,7.849129249177496
66,0.9499995075916845,0.07795100459672447,7.849140105687949
67,0.6766601800918579,0.13906250894069672,10.531499844735778
67,0.620410144329071,0.4390625059604645,12.067024987717343
67,0.9499999870402417,0.07791292531446224,7.849158270500437
67,0.848925769329071,0.520312488079071,9.279163602329218
67,0.9499999708014712,0.07793452592011542,7.849136241846347
67,0.7364257574081421,0.3203125,10.418911185154675
67,0.511425793170929,0.7203125357627869,14.168089584928225
67,0.8454101085662842,0.0390625,9.366908841028232
67,0.5079101324081421,0.23906250298023224,14.0767158843647
67,0.9499999558611135,0.07794388558047023,7.849167986129214
67,0.949999964608846,0.07792141733803253,7.849191216921682
67,0.9499972651635635,0.07796402914673117,7.849164158875102
67,0.9499999560398339,0.07794388558047023,7.849167985748527
67,0.73291015625,0.6390625238418579,10.485479210795356
67,0.9499989321981268,0.07795416688033444,7.849199370693415
68,0.901660144329071,0.5390625,9.171133614077727
68,0.9499996389657084,0.07795405387878418,7.8491275235336895
68,0.9499986357649445,0.07796600242505737,7.84915352703918
68,0.7891601324081421,0.33906251192092896,9.821065328283368
68,0.59228515625,0.08906250447034836,11.786154258164888
68,0.9499999870509773,0.07795104834137423,7.849138907385289
68,0.564160168170929,0.739062488079071,13.075469286097555
68,0.9297851324081421,0.2890625,9.091021076545037
68,0.9499989599166297,0.07798349017948444,7.849157571225662
68,0.9499999877681964,0.07795690286038202,7.849186340725409
68,0.9499999794640507,0.07798353656440483,7.849155232680064
68,0.9499999667018665,0.07798721711630309,7.8491414314435195
68,0.704785168170929,0.6890625357627869,10.841492882348396
68,0.9499998692186968,0.07795133255877411,7.849138010592001
68,0.8172851800918579,0.48906251788139343,9.55234822683532
69,0.7750976085662842,0.5640625357627869,9.995511589448208
69,0.66259765625,0.7640625238418579,11.425436990267476
69,0.949999974835516,0.07795405387878418,7.84912680798084
69,0.9499999770937142,0.07795405387878418,7.849126803169917
69,0.9499979164569298,0.07796408032052114,7.849162573278859
69,0.761035144329071,0.18906250596046448,9.81512400436573
69,0.8875976800918579,0.36406251788139343,9.179266980720282
69,0.9499979164569298,0.07796414912735328,7.849162303999629
69,0.550097644329071,0.1640625,12.787342161942462
69,0.9499999773652802,0.07796373947560303,7.84915952379219
69,0.9499994049917759,0.07795502857581761,7.849194965571965
69,0.9499992603953776,0.07796318021651943,7.849163238627019
69,0.5360351800918579,0.589062511920929,13.64085666619412
69,0.6485351324081421,0.3890624940395355,11.62036410632013
69,0.87353515625,0.7890625,9.227830382745273
