iters,res,f,objs
0,0.725,0.4,9.76172153499097
0,0.8375,0.2,8.892887824864056
0,0.6125,0.6,10.870542691835643
0,0.66875,0.3,10.2564957726323
0,0.89374995,0.7,8.752358363631974
0,0.78125,0.1,9.37910659266073
0,0.55625,0.5,11.566594008753118
0,0.584375,0.25,11.169774339799357
0,0.809375,0.65000004,9.150807335736618
0,0.921875,0.05,9.486537171918409
0,0.696875,0.45000002,10.006046390518126
0,0.640625,0.15,10.1438115789097
0,0.865625,0.55,8.80559751411588
0,0.75312495,0.35,9.534388806198807
0,0.528125,0.75,11.974095368774092
1,0.9492235251362702,1.8685709548776293e-07,11.721445440503953
1,0.9480197150435449,0.14395957071419324,8.326550225739439
1,0.9497294943420914,0.13239621569080112,8.247422129392072
1,0.9497703115538827,0.1344753024452117,8.261306737996941
1,0.949877330267741,0.14540381676872366,8.335139599074633
1,0.948248987387166,8.012478886804476e-08,11.730045203627938
1,0.9499780447529573,8.348538827781247e-12,11.714820280728036
1,0.9492375018234341,1.137050623214614e-07,11.72132816057128
1,0.9498060650620083,2.4434531365587162e-08,11.716330920687385
1,0.9497690210612733,0.14201996401530567,8.312190972474372
1,0.9489644311525625,0.1336638791910143,8.256445863764826
1,0.9499950400832559,4.813560113827893e-08,11.714667011147467
1,0.9458404580010912,4.550959133237508e-08,11.75135401762452
1,0.9498781902190578,0.1336638791910143,8.255790546941595
1,0.949979784129985,0.1414783688359263,8.308370720106323
2,0.9499834350854315,0.12640025462755405,8.2904375620622
2,0.9498583745067828,0.13316921488211803,8.252493959816478
2,0.9497390208427932,0.1318792194343621,8.243962498012916
2,0.9330544383072542,0.016913615686265544,10.826199537428275
2,0.9493164569151229,0.016271040811177383,10.72516891082709
2,0.9499178262801806,0.12887720647760662,8.264352510284871
2,0.9499983414828428,0.13417980839195465,8.259162608112607
2,0.9499628547002946,0.1373053418616583,8.280177636591935
2,0.9498919974563144,0.12981757597341906,8.254443050488785
2,0.9495513356693231,0.016271040811177383,10.72334677910197
2,0.9295267320157654,0.020138129591941833,10.716922168548086
2,0.9499950678119264,0.13417980839195465,8.259164939019119
2,0.9499959658936673,0.136441923177574,8.274338388925557
2,0.9483925400401376,0.015530976405221351,10.763657061160345
2,0.9498614269366522,0.12592825848051292,8.295600182805275
3,0.949791449402807,0.1307058199305975,8.245205961094223
3,0.542187511920929,0.375,11.759569374851408
3,0.8234374523162842,0.2750000059604645,9.033827188295108
3,0.879687488079071,0.17499999701976776,8.584572245837808
3,0.9359375238418579,0.4749999940395355,8.69997644892159
3,0.6546875238418579,0.574999988079071,10.416843826727298
3,0.7671874761581421,0.7750000357627869,9.443392025415715
3,0.9498893678923106,0.1318966573863357,8.243969888605758
3,0.9499907098670595,0.1318534143730442,8.243607747217183
3,0.9494656999047357,0.13042142276963858,8.248639024493903
3,0.9499657956510136,0.1316797635449371,8.242466677269958
3,0.9499988592732199,0.13125326106733678,8.239597377496919
3,0.9498735654072171,0.12905928293686322,8.262469845015037
3,0.7109375,0.07500000298023224,10.404682624418873
3,0.9487238359583515,0.1316862381306273,8.243414225882407
4,0.9208226316109231,0.13172210250155056,8.274764015346474
4,0.9492959011173823,0.08984815191049858,8.682271476357274
4,0.949511358289197,0.13172466466522753,8.243096423230254
4,0.949974059808337,0.13155592744419534,8.241634302976452
4,0.9497117354818362,0.08843732903820067,8.696733853053875
4,0.9499623712315243,0.0909767501359684,8.668864141858084
4,0.9499999784152909,0.13182767897112893,8.243429218388139
4,0.9497462326143978,0.09320571977834315,8.645224699189328
4,0.9499882909952858,0.13184901059005813,8.243580099315384
4,0.9499677817286954,0.1315534121619269,8.241622080236521
4,0.9498991967596239,0.13172210250155056,8.242797575469526
4,0.9148931907868472,0.1310029514582514,8.291544928979109
4,0.949810494987855,0.08816543078008061,8.699485820013281
4,0.9498538846900806,0.13155604968864573,8.241722427071856
4,0.9498649215568286,0.1334518388717565,8.25437997518076
5,0.9494996147853468,0.1315677595369337,8.242058256362828
5,0.739062488079071,0.02500000037252903,12.396456558163578
5,0.9498921077295863,0.13159201458655442,8.241934610847315
5,0.598437488079071,0.675000011920929,11.033612828836876
5,0.6265624761581421,0.22500000894069672,10.644889930161185
5,0.9480455154440869,0.13159618699717518,8.243310836644053
5,0.5703125,0.125,11.600638644275381
5,0.9498442517035927,0.13158844099352848,8.241945534615498
5,0.682812511920929,0.7250000238418579,10.141624975495745
5,0.9078124761581421,0.32500001788139343,8.714275685565665
5,0.7953125238418579,0.5250000357627869,9.245980694135467
5,0.9499944296570019,0.13157418688768188,8.2417413448465
5,0.8515625,0.625,8.887406398317395
5,0.9480522254532644,0.13159445199637781,8.243294352228768
5,0.9499340038561833,0.1315658210185837,8.241729407888533
6,0.5210937261581421,0.21250000596046448,12.012291555478663
6,0.74609375,0.612500011920929,9.60460781380294
6,0.9499924985844396,0.13154154217917213,8.241524930698159
6,0.9498623635048926,0.13155970230317524,8.241740634059841
6,0.9499768027031442,0.13150317529492048,8.241280354455679
6,0.9491975492435302,0.13148858110829356,8.24175046108174
6,0.9499084992365956,0.1314990446677841,8.24130243291363
6,0.9499007279657692,0.13125855179748105,8.239704095239343
6,0.9495488440917343,0.13158967845508646,8.242168618215414
6,0.9499609551654831,0.1315777130095814,8.241789179984073
6,0.9498546236476918,0.13150692773385378,8.241394184952382
6,0.9481031251705793,0.1315663546019134,8.24306979991707
6,0.9499994682223577,0.13149067982895415,8.241180523455913
6,0.5140625238418579,0.42500001192092896,12.235430010561505
6,0.9499062581596053,0.1315556966531293,8.24168201448314
7,0.633593738079071,0.4124999940395355,10.625243624719262
7,0.60546875,0.0625,12.761974217102322
7,0.6898437738418579,0.11250000447034836,10.054880273033474
7,0.9480302090455079,0.13113508836861473,8.2430121700491
7,0.8023437261581421,0.3125,9.177371239968197
7,0.9499988820948445,0.13138918019480997,8.240503857550257
7,0.9499973034403397,0.13157646707839735,8.241754473011424
7,0.8304687738418579,0.4625000059604645,9.016248873801336
7,0.9499771462848675,0.13120240779554182,8.239725910693176
7,0.9499877294771618,0.13125597600821312,8.23962358245845
7,0.577343761920929,0.7125000357627869,11.293929895726475
7,0.8585937023162842,0.012500000186264515,11.674018289109751
7,0.914843738079071,0.512499988079071,8.725213726322172
7,0.9499981656630676,0.13121405148472381,8.239575643262278
7,0.9499613644508601,0.13125597600821312,8.239642772955175
8,0.9499011646900529,0.13122103581954608,8.239629850173051
8,0.9499028231724406,0.1312076781346623,8.239768300042012
8,0.717968761920929,0.6625000238418579,9.831703484593007
8,0.9499843133023316,0.13121405243873596,8.239593872305512
8,0.9429687261581421,0.26250001788139343,8.663415120732228
8,0.9499110415592708,0.1312077333017217,8.239756893886161
8,0.9499330600489007,0.13120833766349474,8.239721529980649
8,0.88671875,0.762499988079071,8.761680474652668
8,0.9499013724083121,0.13121342427374078,8.23970971345828
8,0.774218738079071,0.16250000894069672,9.079349261550158
8,0.9492659035594224,0.13101801806405716,8.242609712806034
8,0.9487153149106561,0.131214425864897,8.241265530092857
8,0.9499980595355985,0.13123430236945388,8.239471535319188
8,0.9498723776377351,0.13120760798367725,8.239809144926092
8,0.6617187261581421,0.36250001192092896,10.331865924073625
9,0.9499157935558379,0.11310908835968722,8.431037461185714
9,0.949998713125899,0.13125370793517574,8.239600463812447
9,0.9499974180713742,0.13123269035407462,8.239461252887532
9,0.9499997555691307,0.11371879958466553,8.424441050874975
9,0.9499906387323843,0.1312343031167984,8.239476941994354
9,0.9499677624445969,0.13123740814097523,8.23951430008316
9,0.9499960107625798,0.1313029253019322,8.239930652652975
9,0.9499991879383595,0.13130250786199937,8.239925557196006
9,0.949999105964211,0.11345632351475927,8.42722524808119
9,0.9499997505821078,0.11360709144961507,8.42562551653411
9,0.9499991876920318,0.11322084352952837,8.429722401576473
9,0.9499983702565729,0.11387895778520887,8.422745121519892
9,0.9499987843799358,0.11310895992159281,8.430909675478656
9,0.9499094968875057,0.1137643861949309,8.424097368496431
9,0.9499402418835265,0.13130250786199937,8.239968449072963
10,0.53515625,0.1875,11.740684723550048
10,0.9499931729615957,0.13123115788838335,8.239454124145876
10,0.9499998189863756,0.16410115372616843,8.463468994059948
10,0.9499999865660173,0.13118349937123097,8.239895123736092
10,0.9499823308880734,0.13129290832097015,8.239873802389619
10,0.9499997730119351,0.16426552942902267,8.464598695210727
10,0.9499998241754734,0.13121193004337128,8.239595792065915
10,0.9499988759233733,0.16479695358674912,8.468249705698925
10,0.9499996694579885,0.131211132686866,8.23960438957803
10,0.9499999613993253,0.16510244057190065,8.47034628834456
10,0.9499999823440292,0.16490934701186066,8.469020785555795
10,0.5492187738418579,0.5625,11.67286612977738
10,0.9499991854688085,0.16509878855280835,8.4703216604042
10,0.9499994985380295,0.13123269379138947,8.239459761428977
10,0.9499970411584037,0.131211132686866,8.239607850205903
11,0.9007812738418579,0.13750000298023224,8.320884709843996
11,0.8726562261581421,0.38750001788139343,8.76643227699212
11,0.7601562738418579,0.5875000357627869,9.497345218873606
11,0.703906238079071,0.2874999940395355,9.930090818589187
11,0.6195312738418579,0.03750000149011612,13.915951466531324
11,0.647656261920929,0.7875000238418579,10.484360315254861
11,0.67578125,0.5375000238418579,10.210934139761646
11,0.563281238079071,0.3375000059604645,11.463746648371673
11,0.7882812023162842,0.737500011920929,9.292982166959394
11,0.81640625,0.08749999850988388,9.269891162298451
11,0.9499903344235514,0.13117063216656544,8.240043468284856
11,0.9289062023162842,0.6875,8.709285070850207
11,0.5914062261581421,0.48750001192092896,11.112693600028509
11,0.9499982958626807,0.1312311589717865,8.239450402291626
11,0.9499999828124938,0.1312317370340258,8.239453029012962
12,0.9499966366631142,0.19423431077775283,8.615398299872663
12,0.9499995663888191,0.19368412348954978,8.614232718540872
12,0.9499981698421999,0.19361766870146188,8.614090460439778
12,0.9499997899857213,0.1312311589717865,8.239449314705249
12,0.9499945473069018,0.1312311589717865,8.239453130941902
12,0.9499997630114043,0.1946468676252441,8.616238672491763
12,0.9499968169734835,0.19400746197073387,8.614924418173969
12,0.9499987123705156,0.1312311589717865,8.239450099110837
12,0.9497841050847913,0.1312311589717865,8.23967746542412
12,0.949999353704016,0.1312311589717865,8.239449632277703
12,0.9499344761498096,0.1312311589717865,8.23949686587906
12,0.844531238079071,0.4375,8.918945022408293
12,0.9499990341222381,0.13123089878235217,8.239448129897037
12,0.94997023490879,0.19400784479813127,8.614949706325534
12,0.9499999232831006,0.19287031947770905,8.612426081089163
13,0.9499996312087199,0.13122029130509788,8.239508027154303
13,0.507031261920929,0.637499988079071,12.439080335997868
13,0.510546863079071,0.3187499940395355,12.326049242261844
13,0.5667968988418579,0.6187500357627869,11.433801604246913
13,0.9499999658046521,0.13122950988855023,8.239438190237871
13,0.623046875,0.518750011920929,10.753313160694654
13,0.791796863079071,0.21875,9.217857900266049
13,0.904296875,0.41875001788139343,8.726741593106581
13,0.8480468988418579,0.11874999850988388,8.646527778563621
13,0.735546886920929,0.71875,9.68667909300056
13,0.6792968511581421,0.01875000074505806,13.516946204379556
13,0.9499999703468209,0.13123206691747347,8.23945523783616
13,0.9499998555793,0.13123094259825716,8.23944782412619
13,0.7320312261581421,0.23749999701976776,9.676993634678695
13,0.9499999498882269,0.13123107139822957,8.239448614348747
14,0.9499978221362491,0.13126807591948417,8.23969692684457
14,0.9499995195688797,0.13126823640916838,8.239696761862293
14,0.9499978090710519,0.13126265513259502,8.239660786897964
14,0.9499758695117916,0.13126220898982965,8.239673779184875
14,0.763671875,0.06875000149011612,10.021934238135666
14,0.949999988079071,0.13123884026926733,8.23950039172195
14,0.8761718273162842,0.668749988079071,8.775673321670984
14,0.594921886920929,0.16875000298023224,10.742941565171517
14,0.932421863079071,0.3687500059604645,8.688916493896508
14,0.7074218988418579,0.768750011920929,9.920226059836933
14,0.949997818707462,0.13126267734352579,8.23966092800183
14,0.9499981900714705,0.131263948879258,8.23966913716932
14,0.9499981900714705,0.13123956283503063,8.239506518751826
14,0.651171863079071,0.26875001192092896,10.424643195800106
14,0.8199218511581421,0.5687500238418579,9.082646681499806
15,0.7777343988418579,0.4937500059604645,9.369333032369157
15,0.9499996397903503,0.13123500995985513,8.239475103483883
15,0.8902343511581421,0.29375001788139343,8.732999787372728
15,0.5386718511581421,0.46875,11.814097259724813
15,0.9499988002747197,0.13122955245627713,8.239439322498338
15,0.721484363079071,0.39375001192092896,9.79046142848078
15,0.9499978694422869,0.13122824186215407,8.239431260749717
15,0.9499996083309935,0.13122824186215407,8.23942999496625
15,0.552734375,0.09375,12.881513695835135
15,0.9499969165069793,0.13123165253262326,8.239454697528176
15,0.665234386920929,0.6937500238418579,10.30975241165409
15,0.9499998873716622,0.13123548745950986,8.239478107386233
15,0.9499969632050763,0.13123165253262326,8.239454663535891
15,0.9499979364928177,0.13123522340380903,8.239477766603573
15,0.9464843273162842,0.793749988079071,8.690296421459193
16,0.9499999862878795,0.13122820964905402,8.239429505039215
16,0.9499947648062511,0.13122824145727938,8.239433518027985
16,0.9499996041775269,0.13122823844914558,8.239429975231035
16,0.9499985464249814,0.1312222661904318,8.2394886657737
16,0.6089843511581421,0.59375,10.911244173061826
16,0.9183593988418579,0.04374999925494194,9.785486252205134
16,0.833984375,0.19375000894069672,8.890361293193902
16,0.9499793399686496,0.13122879962009534,8.239448468811487
16,0.9499997193609185,0.13122823826595023,8.239429890164775
16,0.9499999733557082,0.1312282383441925,8.239429705798212
16,0.9499999861908901,0.13122823882927695,8.239429699689827
16,0.8058593273162842,0.643750011920929,9.174110839228506
16,0.580859363079071,0.24375000596046448,11.208053888290161
16,0.9499965973215503,0.1312282383441925,8.239432163309328
16,0.9499999540027643,0.1312282383441925,8.23942971988548
17,0.7425781488418579,0.5062500238418579,9.63337355807541
17,0.862109363079071,0.543749988079071,8.825822509155994
17,0.9499919819924321,0.1312282093342618,8.239435639300096
17,0.9499874334585938,0.13123011759837366,8.239451365352009
17,0.524609386920929,0.7437500357627869,12.027513363408515
17,0.9499995998719954,0.13122820854187012,8.239429778937076
17,0.7496093511581421,0.34375,9.560873350985304
17,0.693359375,0.4437499940395355,10.037288176717643
17,0.8550781011581421,0.3062500059604645,8.845001810367046
17,0.9113280773162842,0.606249988079071,8.7298800065028
17,0.686328113079071,0.20624999701976776,9.999658644877767
17,0.517578125,0.10625000298023224,13.579685955286026
17,0.630078136920929,0.706250011920929,10.671930816210628
17,0.949998831258203,0.1312275378879782,8.239433192755323
17,0.6371093988418579,0.14374999701976776,10.15376474613112
18,0.9499995747672052,0.1312383829241975,8.239497642822418
18,0.9499999609679487,0.13123495841154195,8.239474525963853
18,0.94997235796963,0.13123443059081277,8.239491099766798
18,0.9499998097376168,0.13126110491619963,8.239648993096596
18,0.798828125,0.0062500000931322575,12.75496875982068
18,0.949999835516114,0.1312345897410761,8.23947215887379
18,0.826953113079071,0.7562500238418579,9.037252211516535
18,0.5738281011581421,0.40625,11.331345476790927
18,0.9499967257241074,0.13122897553086652,8.239436985551775
18,0.9499976097132908,0.1312295602550955,8.239440241138118
18,0.6019531488418579,0.35625001788139343,10.979511356542778
18,0.9499998898183488,0.1312577379988828,8.23962648216268
18,0.9499995747672052,0.13123817502495805,8.239496256479601
18,0.9499999595341713,0.13123431801408517,8.239470256646793
18,0.9499985618391941,0.13123079836818005,8.239447804091542
19,0.9499991462256852,0.13122823930081096,8.239430314264366
19,0.9499992981126465,0.1312282174872154,8.239430058244396
19,0.9499948669318649,0.13124767200749515,8.239563012647713
19,0.7144531011581421,0.5562500357627869,9.86294798449889
19,0.8832031488418579,0.45625001192092896,8.76590289695175
19,0.7707030773162842,0.2562499940395355,9.388616163511431
19,0.9499998894309,0.13122884097036716,8.239433785332496
19,0.9499992643375444,0.13122696206986215,8.239438287438643
19,0.9499891674267145,0.13124361284191194,8.23954009298125
19,0.9499994118942022,0.13122764386832736,8.239431456141073
19,0.939453125,0.15625,8.416072456044677
19,0.658203125,0.05625000223517418,11.907001779093479
19,0.9499996653063286,0.13122752783633246,8.23943222165841
19,0.949999819735228,0.1312283206678134,8.239430366573801
19,0.949999104387852,0.13121590369318506,8.239554909075602
20,0.9253906011581421,0.581250011920929,8.712830734026662
20,0.700390636920929,0.18125000596046448,9.747410761749089
20,0.545703113079071,0.65625,11.719847833371835
20,0.9499828535662956,0.13122198227876714,8.23951231527367
20,0.9499998796029044,0.1312277166636321,8.23943017530919
20,0.587890625,0.78125,11.159425460639019
20,0.5316406488418579,0.28125,11.901667250072839
20,0.9499990368355568,0.13122778242518623,8.23943063457053
20,0.756640613079071,0.6812500357627869,9.52289089391833
20,0.8128906488418579,0.3812499940395355,9.11386497227515
20,0.869140625,0.08125000447034836,8.96640063692394
20,0.6441406011581421,0.48125001788139343,10.516332605779395
20,0.7847656011581421,0.4312500059604645,9.30778677617622
20,0.9499931017863188,0.1312209253990813,8.239509948424553
20,0.559765636920929,0.03125,15.970853033709844
21,0.9499999565962086,0.13122821060057666,8.239429532997386
21,0.9499999853633097,0.13123103421444543,8.239448340575128
21,0.9499996535142277,0.13122820854187012,8.23942973988965
21,0.9499996121034542,0.13123054827206107,8.239445371890108
21,0.9499982419230805,0.13122806976038817,8.23942984199986
21,0.9499882983297571,0.13123606749525704,8.239490410950038
21,0.949999292023888,0.13123100208602875,8.239448631022368
21,0.94999966093082,0.13122821060057666,8.239429748218813
21,0.9499985498281845,0.13123238058010986,8.239458363421004
21,0.9499994123567734,0.13122844562132804,8.239431496330377
21,0.9499991145391059,0.1312307184969809,8.239446869174028
21,0.949999792126304,0.13123546510381826,8.239478027639143
21,0.9499997621567118,0.13123094159646342,8.239447885449087
21,0.9499997994533516,0.13123109379271106,8.239448873183292
21,0.9499996733315178,0.1312281494438542,8.239429331385713
22,0.6177734136581421,0.46562501788139343,10.801843310679326
22,0.9499999672907785,0.131239137990336,8.239502392161855
22,0.5052734613418579,0.265625,12.46776898279033
22,0.8427734375,0.06562500447034836,9.421773702595877
22,0.9499999880238628,0.1312310130014299,8.23944819718502
22,0.728515625,0.13125000894069672,9.407531525885664
22,0.6722656488418579,0.6312500238418579,10.242802644816171
22,0.616015613079071,0.33125001192092896,10.814047146434747
22,0.897265613079071,0.23125000298023224,8.709012792247696
22,0.9499999857210545,0.13122819530129737,8.239429409777715
22,0.8410155773162842,0.731249988079071,8.95044501002509
22,0.9499999689281574,0.13123823772898988,8.23949638771372
22,0.730273425579071,0.6656250357627869,9.729882966127025
22,0.5035156011581421,0.53125,12.533049105963611
22,0.949999820114059,0.13122796595580744,8.239428001002134
23,0.9499998770620198,0.13122464440897402,8.239461878619576
23,0.9499999519853205,0.13122799749194272,8.239428115299464
23,0.9499998539776692,0.13122822392547323,8.23942969654881
23,0.9499999168328658,0.13122824426294125,8.239429786409968
23,0.9499999803642253,0.1312231168075514,8.239477823568953
23,0.9499998982836271,0.13122796697843697,8.239427950919723
23,0.949999912324153,0.13122799669820678,8.239428138877148
23,0.9499999850769125,0.13122800945489832,8.239428170982718
23,0.9499999860043198,0.13122796347262622,8.239427863688258
23,0.674023449420929,0.16562500596046448,9.895132358184028
23,0.8990234136581421,0.565625011920929,8.745215915756232
23,0.9499999879980795,0.13122799900412738,8.239428099168668
23,0.9499995135013973,0.1312280908748143,8.239429057179374
23,0.9499998773984207,0.13122796347262622,8.239427942745083
23,0.9499999630169232,0.13122808980513706,8.239428722833578
24,0.9271484613418579,0.21562500298023224,8.664572408691788
24,0.949999756153507,0.131225407814827,8.239454001483445
24,0.9499997914910048,0.13122797013632878,8.239428049714276
24,0.5615234375,0.765625,11.498056634134501
24,0.9499999699735489,0.1312279552900429,8.239427820794333
24,0.9499999032972789,0.1312279735687759,8.239427991216106
24,0.9499998543895111,0.13122797012329102,8.239428003842175
24,0.9499999686504379,0.13122797012329102,8.239427920668598
24,0.9499999701805139,0.13122797012329102,8.23942791955487
24,0.9499998679583735,0.13122803524322177,8.239428428198343
24,0.7865234613418579,0.3656249940395355,9.291078733239877
24,0.9499997211661109,0.13122799866075122,8.239428291112128
24,0.589648425579071,0.015625,16.064839336378192
24,0.9499998515377733,0.13122797320475743,8.239428026465815
24,0.8146483898162842,0.4156250059604645,9.104768614464865
25,0.7021484375,0.6156250238418579,9.968523152201163
25,0.949998507259474,0.13123867804345485,8.239500387785078
25,0.9499994373035023,0.13122807537394776,8.239429009282503
25,0.5474609136581421,0.140625,11.803804791542495
25,0.6458984613418579,0.31562501192092896,10.487800156035556
25,0.7583984136581421,0.11562500149011612,9.362495259379397
25,0.9499849101213574,0.13123876712620214,8.239510879160692
25,0.8849608898162842,0.34062501788139343,8.745573303325203
25,0.9499977077041658,0.1312284119639955,8.239432512757723
25,0.9499998292328667,0.1312279602718375,8.239427956462624
25,0.7724609375,0.5406250357627869,9.406960063485556
25,0.7162109613418579,0.24062500894069672,9.809349744366529
25,0.533398449420929,0.515625,11.89245740664194
25,0.870898425579071,0.715624988079071,8.782965086158045
25,0.659960925579071,0.7406250238418579,10.360846790166944
26,0.603710949420929,0.44062501192092896,10.963173192393649
26,0.9130859375,0.19062499701976776,8.639866359648877
26,0.5755859613418579,0.390625,11.307872387612814
26,0.9499987952964716,0.13122788517478765,8.239429978572234
26,0.9499963742170339,0.13122795522212982,8.239432413829206
26,0.941210925579071,0.640625,8.69500603918586
26,0.6318359375,0.09062500298023224,11.074051045601868
26,0.9499997735255789,0.13122792331688943,8.239428370881758
26,0.9499998415765553,0.1312279761337977,8.239428053248089
26,0.800585925579071,0.7906250357627869,9.208531465354572
26,0.9499966143236274,0.13122795522212982,8.239432107102619
26,0.8287109136581421,0.04062500223517418,10.68990792476831
26,0.9499997939015968,0.1312279464597228,8.239428127601743
26,0.6880859136581421,0.590624988079071,10.09521030023151
26,0.9499995396739851,0.1312299935954471,8.239441725895595
27,0.8076171875,0.15312500298023224,8.80466722775662
27,0.9499999217325872,0.1312281301373902,8.239429021829716
27,0.9499941132231262,0.13122780171959808,8.239436743172904
27,0.8638671636581421,0.25312501192092896,8.78435241104322
27,0.9499993941112868,0.13122791261779443,8.239428955999221
27,0.519335925579071,0.690625011920929,12.110151154362162
27,0.9499998428872665,0.1312289953443747,8.23943484861338
27,0.8568359613418579,0.4906249940395355,8.856554590453234
27,0.7513672113418579,0.453125,9.554446813771877
27,0.9499999656822059,0.131228013212034,8.23942821015442
27,0.638867199420929,0.653124988079071,10.57883074589996
27,0.695117175579071,0.3531250059604645,10.015987244737193
27,0.9201171398162842,0.753125011920929,8.719951443055718
27,0.744335949420929,0.2906250059604645,9.595525291310754
27,0.5263671875,0.05312500149011612,15.637807906002026
28,0.835742175579071,0.6031250357627869,8.98302073196865
28,0.554492175579071,0.703125,11.595577603921722
28,0.5826171636581421,0.5531250238418579,11.231049162306578
28,0.6107422113418579,0.203125,10.728304788987698
28,0.8919922113418579,0.503125011920929,8.754213095959939
28,0.6669921875,0.10312499850988388,10.443968752557344
28,0.5404297113418579,0.328125,11.781136979543435
28,0.7794921398162842,0.3031249940395355,9.334406924121907
28,0.7232421636581421,0.40312501788139343,9.776383516557086
28,0.765429675579071,0.7281250357627869,9.456755108836282
28,0.8779296875,0.12812499701976776,8.385015013957346
28,0.9499968048002121,0.13122810766521542,8.239431140884957
28,0.9499976907177574,0.13122795522212982,8.239430732055084
28,0.9499965354393938,0.13122480623625185,8.23946457430115
28,0.9482421875,0.0031250000465661287,11.48250631341899
29,0.6529296636581421,0.528124988079071,10.435578452278621
29,0.9499999276601598,0.13122795094292009,8.23942791464726
29,0.9499999853673096,0.13122794111530572,8.239427933185235
29,0.9499966526823276,0.13122781491267907,8.239433375246135
29,0.9499999321561563,0.13122795103587587,8.239427908031079
29,0.9499967486905901,0.13122795033355722,8.239431981345215
29,0.9499987727801035,0.13122781164813815,8.239430697560586
29,0.949996678562018,0.13122781993116828,8.239433295075187
29,0.9499987630152404,0.13122781164813815,8.239430710034698
29,0.709179699420929,0.02812500111758709,12.626918840991918
29,0.9499995920648996,0.13122761125019466,8.23943153218148
29,0.9499995989191404,0.13122781613694748,8.239429600072214
29,0.9341796636581421,0.4281249940395355,8.701763196132603
29,0.9499999772112296,0.13122778427475865,8.239429415927795
29,0.8216797113418579,0.22812500596046448,9.029204410125832
30,0.9499999020457041,0.13122826370332974,8.239429926806435
30,0.9499999093834569,0.13122803370298525,8.239428387773549
30,0.9499987316103499,0.13122806080044264,8.239429425795791
30,0.5966796875,0.628125011920929,11.055871677149913
30,0.9499995774726383,0.13122824176486111,8.239430016780007
30,0.6810547113418579,0.778124988079071,10.157100748709553
30,0.9499968205219309,0.13122798817165882,8.239431534381247
30,0.9499999482784985,0.13122822779427515,8.239429653703146
30,0.9499993493675737,0.13122827390467506,8.23943039713822
30,0.949999988079071,0.13122697121280988,8.239437238417759
30,0.7935546636581421,0.578125,9.25765106983775
30,0.9499965426234689,0.13122798989373785,8.239431873219157
30,0.9499999746984055,0.13122813985957157,8.239429048104165
30,0.568554699420929,0.17812500894069672,11.114295346707118
30,0.906054675579071,0.37812501192092896,8.721498083504397
31,0.9499997059081875,0.13122807413503024,8.239428805497385
31,0.8498046398162842,0.6781250238418579,8.89775383436083
31,0.9499998886163824,0.1312308507325721,8.239447187495056
31,0.7337890863418579,0.559374988079071,9.702763495754239
31,0.9499999491410726,0.13123554409320398,8.239478440076
31,0.9499998825070338,0.13122816456464492,8.239429279950992
31,0.9499999879049791,0.13123113715172113,8.239449025137036
31,0.5123046636581421,0.4781250059604645,12.28559257703604
31,0.949999936628715,0.13122891118383764,8.23943421917569
31,0.7373046875,0.078125,10.086554323452578
31,0.949999982013078,0.1312281689439463,8.23942923672041
31,0.5087890625,0.15937499701976776,12.714962725399308
31,0.9499999211123331,0.1312335896819428,8.239465427884996
31,0.9499999790616238,0.13123289619405534,8.23946076133279
31,0.624804675579071,0.27812501788139343,10.70720137048281
32,0.7900390625,0.05937499925494194,10.189019633660475
32,0.9499999880282118,0.1312293328951419,8.239436993828212
32,0.9025390148162842,0.659375011920929,8.74101612767022
32,0.8462890386581421,0.359375,8.902798638673284
32,0.5650390386581421,0.4593749940395355,11.446912281234336
32,0.621289074420929,0.7593750357627869,10.767514981985515
32,0.818164050579071,0.7093750238418579,9.09330961261207
32,0.9499999719655835,0.13122944774048448,8.239437771335561
32,0.5931640863418579,0.30937501788139343,11.080494894255603
32,0.9499940428863369,0.13123734885959668,8.239494773908232
32,0.677539050579071,0.2593750059604645,10.162962196794584
32,0.9499998420414008,0.13123421739194702,8.23946967119067
32,0.9499999808963,0.13122742324282752,8.23943280036873
32,0.9499998420414008,0.13123421105904898,8.239469628961105
32,0.9499927988351345,0.13123493862110747,8.239479607313198
33,0.9499997639916337,0.13122918677416034,8.239436182540022
33,0.9499997337856569,0.13122918677416034,8.23943620452737
33,0.7056640386581421,0.5093750357627869,9.939350129224495
33,0.9499996057325419,0.13122923060584887,8.23943659001925
33,0.9499942784158464,0.13122946438094238,8.239442026784547
33,0.9499993409105822,0.131229841052201,8.239440853384114
33,0.7619140148162842,0.20937500894069672,9.41126512336342
33,0.9499996224406334,0.13122923060584887,8.239436577856921
33,0.6494140625,0.00937500037252903,14.975521091138024
33,0.8744140863418579,0.40937501192092896,8.765613338579891
33,0.9499996012982868,0.13122830227922352,8.23943040295975
33,0.9499993535217814,0.13122928505939413,8.239437136716443
33,0.9499997595406827,0.13122796967021452,8.239428069863479
33,0.9499986412927676,0.1312286690381924,8.239433547397978
33,0.9306640625,0.109375,8.503520415088902
34,0.949999851385723,0.13122826287645606,8.2394299581694
34,0.9499999263394056,0.13122940255682453,8.23943750325237
34,0.9499988214667529,0.13123112463104245,8.239449790705665
34,0.6634765863418579,0.43437501788139343,10.318634187997608
34,0.536914050579071,0.609375,11.847820828189375
34,0.9499981861741039,0.13122808488893029,8.239429983461319
34,0.888476550579071,0.03437500074505806,10.435558878850486
34,0.9499997828441065,0.13122798482945716,8.239428153985362
34,0.7197265625,0.13437500596046448,9.443209039182866
34,0.9499990116547524,0.1312280909345816,8.239429422884637
34,0.7759765386581421,0.6343750357627869,9.380741284741983
34,0.9499974561214962,0.13122792824947377,8.239431284945246
34,0.9499999612935368,0.13122798455663576,8.239428022268513
34,0.550976574420929,0.234375,11.582193878123134
34,0.9499998558183383,0.13122875605540615,8.23943324356811
35,0.9499970379724416,0.13123131528097368,8.23945236023612
35,0.9499999877642654,0.13122740371999603,8.23943297486362
35,0.9447265863418579,0.534375011920929,8.690378311210862
35,0.9499999880774809,0.1312279712216381,8.239427913851122
35,0.94999997460719,0.13122795663578324,8.239427826394971
35,0.607226550579071,0.734375,10.92837393829733
35,0.9499978118640838,0.13122993951789458,8.23944262299701
35,0.5791015625,0.08437500149011612,12.414028524305367
35,0.8322265148162842,0.3343749940395355,8.986479637968086
35,0.9499998082097891,0.13122779863452225,8.239429497017099
35,0.9499999762555542,0.131229914249592,8.239440879005238
35,0.8041015863418579,0.484375,9.186773808306848
35,0.9499999879617134,0.13122743423566702,8.239432688148753
35,0.9499999593527352,0.1312273922965451,8.23943311839456
35,0.9499997707774822,0.13122737543635496,8.239433517563118
36,0.8603515625,0.784375011920929,8.835877144871683
36,0.9499984711869872,0.131227940858725,8.239429869878126
36,0.691601574420929,0.684374988079071,10.061643198430676
36,0.9499997183424783,0.131227948103194,8.239428208696193
36,0.9499984567156686,0.131227940858725,8.239429888364352
36,0.9499947438510487,0.13122777369398736,8.23943620065202
36,0.9499997038114625,0.1312279692533335,8.239428107650168
36,0.747851550579071,0.18437500298023224,9.394224248338945
36,0.9499980434232221,0.13122743866531852,8.239435130623646
36,0.5228515863418579,0.5843750238418579,12.059121482259712
36,0.9499999850514453,0.131227948103194,8.239427867990702
36,0.9499999842530172,0.1312287580326029,8.239433163262321
36,0.9166015386581421,0.28437501192092896,8.6981420148275
36,0.9499999092934424,0.1312282749928703,8.239429996811962
36,0.6353515386581421,0.3843750059604645,10.604895545490196
37,0.9499999152139633,0.07270804994446209,8.850404230579425
37,0.9499996093136475,0.13123573651056972,8.239479970529123
37,0.9499988400197618,0.07278174610751555,8.849740130267294
37,0.949999891244608,0.0727650162236972,8.84989008552125
37,0.9499996303776361,0.07276540672973669,8.849887052024155
37,0.9499996530762467,0.13122794110140315,8.239428357798891
37,0.949998005178604,0.13123573651056972,8.239481138156249
37,0.9499993671848942,0.07278319001235291,8.849725501304516
37,0.9499998466836469,0.07278679512197633,8.849692065325495
37,0.9499999631334398,0.07284215565135861,8.849186948894115
37,0.9499999766356574,0.07278651776871566,8.849693929580525
37,0.9499992305778271,0.07289274898311777,8.848725350131902
37,0.9499999681409541,0.0727845586490302,8.849711813888385
37,0.9499999321543,0.0727831840238855,8.849724421577024
37,0.9499990760536045,0.07263590021995033,8.851161581443064
38,0.9499836271691311,0.12100875496302257,8.347320920894266
38,0.9499996350767655,0.13123273600463048,8.239459943531921
38,0.9499999523486441,0.12099161838140855,8.347478151368275
38,0.9499999866268898,0.1312293139509277,8.239436868523843
38,0.949999977089143,0.12102725269259887,8.347101901442453
38,0.9499994876937394,0.12099572222323506,8.347435498460483
38,0.9499999525557853,0.12102725269259887,8.347101937039934
38,0.9499990937831029,0.12102725269259887,8.347103183110274
38,0.9499963058410655,0.12099572222323506,8.347440116665137
38,0.9499996287545638,0.13122795522212982,8.239428256311426
38,0.9499996024899783,0.12101178266080913,8.347265770904766
38,0.9499977535791371,0.131233224736592,8.239464572072679
38,0.9499942945884696,0.12101592235968328,8.347229768173936
38,0.9499990554026517,0.12101153315701259,8.347269199005268
38,0.9499962579340178,0.1210087654277875,8.347302479515834
39,0.9499998546690681,0.13122743562037686,8.23943284542482
39,0.853320300579071,0.171875,8.657100567650685
39,0.9499996608193146,0.13122838709162873,8.239430925180274
39,0.6845703125,0.07187499850988388,10.774733847478302
39,0.515820324420929,0.37187501788139343,12.183539654874124
39,0.9499997972759011,0.131227434513284,8.239432929134404
39,0.9499997700844119,0.13122794085324832,8.23942821065699
39,0.9499999715009313,0.1312286459631766,8.239432425240988
39,0.9499992884221697,0.1312284350924855,8.239431516336802
39,0.7408202886581421,0.7718750238418579,9.644142481248862
39,0.9499999878134003,0.13122795525709424,8.239427807588616
39,0.6283203363418579,0.5718750357627869,10.694002458314676
39,0.9499992928366694,0.1312283858188976,8.239431184556503
39,0.9499999694505105,0.1312284660340054,8.239431226926191
39,0.9499994808556443,0.13122843419191502,8.239431370254785
40,0.9499998731254162,0.13123210934840945,8.23945559154453
40,0.9499996612789555,0.13122793984402384,8.239428359123647
40,0.7970702648162842,0.2718749940395355,9.206688100860623
40,0.572070300579071,0.671875,11.363091785159686
40,0.9499999652333315,0.13123242517515385,8.239457630516245
40,0.9499992533113475,0.1312316052548835,8.239452681283046
40,0.949999853057403,0.13123181510772725,8.239453644077795
40,0.949999853057403,0.1312318210930441,8.23945368398968
40,0.9095703363418579,0.47187501192092896,8.731594063180728
40,0.9499999228132564,0.13123186106591708,8.239453899763575
40,0.9499999383457255,0.13123181510772725,8.239453581996557
40,0.949999885040251,0.1312279780370309,8.239428034301088
40,0.6001952886581421,0.12187500298023224,10.973997401808068
40,0.9499998794412942,0.1312279780370309,8.239428038376591
40,0.94999825925326,0.13123160608294163,8.239453410387627
41,0.8673827648162842,0.24687500298023224,8.76243338038815
41,0.9499994362579182,0.13122815482078234,8.23942953981175
41,0.7689453363418579,0.02187499962747097,12.187701329360447
41,0.5298827886581421,0.046875,15.920916825761605
41,0.712695300579071,0.721875011920929,9.875564336236625
41,0.9499998705649878,0.13122855511738227,8.23943189293461
41,0.8251953125,0.5218750238418579,9.049224244031679
41,0.7548828125,0.4468750059604645,9.527243270793226
41,0.9376952648162842,0.3218750059604645,8.678181635255761
41,0.656445324420929,0.22187499701976776,10.33094273817815
41,0.642382800579071,0.6468750238418579,10.541945828940527
41,0.949998962554786,0.1312294212056746,8.239438329162914
41,0.5439453125,0.421875,11.736583690293399
41,0.8814452886581421,0.621874988079071,8.768452054420242
41,0.9499955896774247,0.13122934168989236,8.23944025414096
42,0.9499999755274083,0.1312280253699114,8.239428284059127
42,0.6986328363418579,0.34687501192092896,9.984064103751962
42,0.6142578125,0.19687500596046448,10.658680223141841
42,0.9499974601712552,0.13122808559925436,8.239430516678107
42,0.783007800579071,0.6968750357627869,9.3301785016758
42,0.586132824420929,0.546875,11.18715087293406
42,0.9499977733198985,0.13122795522212982,8.239430626534704
42,0.8955078125,0.09687500447034836,8.711065619936129
42,0.5580078363418579,0.296875,11.529713255130805
42,0.6705077886581421,0.49687501788139343,10.262147702248399
42,0.9499996559049061,0.131238082882812,8.239495582986633
42,0.9499969058461958,0.13122808669393152,8.239430927489792
42,0.923632800579071,0.746874988079071,8.715769127096038
42,0.9499999840693156,0.13122855896723654,8.239431835984197
42,0.8111327886581421,0.14687500894069672,8.744881922506911
43,0.9499999772745579,0.13122790803899892,8.23942825402345
43,0.726757824420929,0.3968749940395355,9.747027689749702
43,0.9499999617145546,0.13122315941408974,8.239477399605251
43,0.502636730670929,0.3984375,12.554892514078501
43,0.8392578363418579,0.596875011920929,8.961459163235425
43,0.9499998583468359,0.13122488626925188,8.239459357214228
43,0.94999998774882,0.1312317722910457,8.239453260522904
43,0.9499999269858865,0.13122785489946737,8.239428817105946
43,0.9499999875887156,0.13123177881758516,8.239453304159955
43,0.9499999617725001,0.13122303320947457,8.239478728076383
43,0.9499999747817042,0.1312325464529438,8.239458432279132
43,0.501757800579071,0.796875,12.584456110216056
43,0.9499997239777713,0.13122777894313037,8.239429789469783
43,0.9499999816924374,0.13122796628890704,8.239427885606641
43,0.949999988079071,0.13122761145428263,8.2394310243784
44,0.9499997981960803,0.13122650228997892,8.239442424694802
44,0.9499999517608055,0.13122506625430333,8.239457339549014
44,0.7276366949081421,0.7984375357627869,9.749729114573196
44,0.9499989105531025,0.13122785617629204,8.239430103558469
44,0.9499966125915233,0.13122668540555144,8.239444690800664
44,0.67138671875,0.09843750298023224,10.474068148863712
44,0.9499999598619678,0.13122795522212982,8.239427833340315
44,0.9499999836776629,0.13122833392456076,8.239430335635285
44,0.9499999250824321,0.13122506625430333,8.239457374670447
44,0.7838866710662842,0.2984375059604645,9.3026021149832
44,0.8963867425918579,0.4984374940395355,8.74845767286598
44,0.9499993943731323,0.13122567726659523,8.239451641262487
44,0.6151367425918579,0.598437488079071,10.840454626096962
44,0.840136706829071,0.19843749701976776,8.872749345979809
44,0.9499999820159964,0.13123071801365677,8.239446234506183
45,0.9499998570469822,0.13123119654008025,8.23944951640603
45,0.9499999733066035,0.13122795428269643,8.239427824984515
45,0.9499999691535709,0.1312279541883467,8.239427831175496
45,0.9245116710662842,0.34843751788139343,8.696277405419774
45,0.9499998708680597,0.1312279329922822,8.23942815570554
45,0.9499996872652637,0.1312320062222823,8.239455039160385
45,0.5870116949081421,0.1484375,10.746105883775547
45,0.9499990783107775,0.13122801501777348,8.239428868134942
45,0.9499997850643646,0.13123121630230916,8.239449700582048
45,0.699511706829071,0.7484375238418579,9.989774380139242
45,0.643261730670929,0.24843750894069672,10.497672812529446
45,0.558886706829071,0.698437511920929,11.53555546395007
45,0.81201171875,0.5484375357627869,9.134035208441501
45,0.8682616949081421,0.6484375,8.790545101612784
45,0.9499999311673274,0.13122795586018435,8.239427864006784
46,0.9499999874350682,0.13122804793525478,8.239428425861949
46,0.713574230670929,0.32343751192092896,9.85148836601914
46,0.9499999879034171,0.13122792750746878,8.239428057687416
46,0.9499999052204954,0.13122864970351358,8.239432498429121
46,0.769824206829071,0.4234375059604645,9.41449819386433
46,0.7557617425918579,0.04843750223517418,11.073804089944371
46,0.9385741949081421,0.723437488079071,8.698508576505096
46,0.53076171875,0.44843751192092896,11.930092076243707
46,0.9499999638311423,0.1312294638589159,8.239437884738235
46,0.9499999878457906,0.13123572262945005,8.239479602439017
46,0.88232421875,0.22343750298023224,8.72440586891778
46,0.5448242425918579,0.0234375,16.89858971384511
46,0.9499999099555783,0.1312294588713686,8.239437890696797
46,0.6573241949081421,0.6234375238418579,10.389379806761841
46,0.9499999513407532,0.13122816633055517,8.239429241621083
47,0.9499999617545947,0.13123037753535194,8.239443978861416
47,0.60107421875,0.5234375,11.005820297298154
47,0.9499999803786993,0.13123479905669502,8.239473449209182
47,0.9499991983853281,0.1312290242378278,8.239435510426542
47,0.9499999682465753,0.13123082721009127,8.2394469726775
47,0.9499998071753772,0.13122895835819612,8.239434627976237
47,0.9499996801023868,0.13122895835819612,8.239434720475256
47,0.7979491949081421,0.6734375357627869,9.227028796672343
47,0.9499999620175601,0.13123536671789884,8.239477247910433
47,0.9499998738606146,0.13122829612896894,8.239430163544354
47,0.572949230670929,0.2734375,11.327146073027992
47,0.9499998041972602,0.1312311067349585,8.23944895603231
47,0.9499999416527735,0.13122829130867905,8.239430082054117
47,0.9499997573864426,0.13123308768071554,8.23946219957539
47,0.8260742425918579,0.12343750149011612,8.73837184226692
48,0.9499993134665082,0.1312287278739256,8.239433450436357
48,0.949999949884799,0.1312287217578349,8.23943294639129
48,0.5166991949081421,0.7734375,12.166123076422277
48,0.9499999864634527,0.1312287846543184,8.239433339172894
48,0.910449206829071,0.07343750447034836,8.928082964040765
48,0.9499999042123063,0.13122878890030878,8.239433427358435
48,0.9499991178431726,0.13122710413735875,8.239436984760928
48,0.74169921875,0.3734374940395355,9.625048437426866
48,0.8541991710662842,0.573437511920929,8.87191221950242
48,0.523730456829071,0.18593750894069672,12.063022035747903
48,0.9499998788945303,0.1312287946230298,8.239433483948005
48,0.6854492425918579,0.47343751788139343,10.11080312496089
48,0.629199206829071,0.17343750596046448,10.379730870191256
48,0.8612304925918579,0.38593751192092896,8.816779132734458
48,0.748730480670929,0.5859375,9.584420149078971
49,0.5799804925918579,0.4859375059604645,11.255172818259732
49,0.63623046875,0.785937488079071,10.604064532959914
49,0.945605456829071,0.13593749701976776,8.27406928486326
49,0.8893554210662842,0.4359374940395355,8.754086118261242
49,0.664355456829071,0.03593749925494194,12.873111159178464
49,0.608105480670929,0.3359375,10.90549090366603
49,0.8331054449081421,0.7359375357627869,8.998920085238835
49,0.949999184479604,0.1312279580803426,8.239428797017256
49,0.9499990209197954,0.13122795413693455,8.23942904297459
49,0.9499991607518884,0.13122794326383003,8.239428966416698
49,0.7206054925918579,0.535937488079071,9.811333488782282
49,0.91748046875,0.6859375238418579,8.722748401673527
49,0.804980456829071,0.0859375,9.380027209163021
49,0.6924804449081421,0.28593751788139343,10.031639086361206
49,0.9499999612877187,0.13122739640309866,8.239433077372743
50,0.77685546875,0.23593750596046448,9.33582492767936
50,0.9499989596619688,0.13122869905293372,8.239433515794238
50,0.9499999840782039,0.13122812326644925,8.239428930630071
50,0.875292956829071,0.010937499813735485,11.606530875334034
50,0.70654296875,0.11093749850988388,9.907186682194995
50,0.5518554449081421,0.635937511920929,11.633955916068698
50,0.9499999520357711,0.13123126113040576,8.23944987796756
50,0.9499997932556713,0.13122980412705595,8.239440277889953
50,0.537792980670929,0.2109375,11.677220445673997
50,0.9499997391421545,0.13122716100955906,8.23943557088499
50,0.9499954537745585,0.13123300889918366,8.239464806861443
50,0.9499999840748993,0.13122812188069957,8.239428921391706
50,0.6502929925918579,0.41093751788139343,10.449859432963231
50,0.9499997613316071,0.13123126113040576,8.239450016782296
50,0.7627929449081421,0.6109375357627869,9.47741829207944
51,0.9499997074804292,0.13122795522212982,8.239428155743516
51,0.949998446856442,0.13122853352018915,8.239432785270356
51,0.9499993231966046,0.13122298157233844,8.239480112349167
51,0.9499998961892216,0.13122792541433198,8.23942819449623
51,0.9499999818219469,0.13122953212566052,8.239438326861135
51,0.9034179449081421,0.26093751192092896,8.710224657382017
51,0.6221679449081421,0.3609375059604645,10.747339077821989
51,0.949998446856442,0.13122871033708858,8.239433964322995
51,0.8190429210662842,0.3109374940395355,9.067403511539613
51,0.9499999818219469,0.13122951583422782,8.239438218225997
51,0.678417980670929,0.660937488079071,10.183809685586587
51,0.7909179925918579,0.4609375,9.276692804491745
51,0.594042956829071,0.7109375,11.085741079510623
51,0.56591796875,0.06093750149011612,13.953017685301353
51,0.9315429925918579,0.510937511920929,8.705261942376008
52,0.9499986948015655,0.13122817956681546,8.239430244548815
52,0.84716796875,0.760937511920929,8.913350716228154
52,0.9499999496737419,0.13122836500994708,8.239430567671599
52,0.9499999872270745,0.13122801332350797,8.239428195214787
52,0.9499999426786299,0.13122898021039697,8.239434675056463
52,0.9499998024493539,0.13123078587413767,8.239446817724396
52,0.9499996364565209,0.131228223346932,8.239429851029517
52,0.9499999453535443,0.1312283628674523,8.239430556529848
52,0.949999889887707,0.13123001850286511,8.23944163705894
52,0.9499999806889515,0.13123085894346254,8.239447175226983
52,0.9499946561182963,0.13122795522212982,8.239434608640892
52,0.9499999096140596,0.13123080112564817,8.239446841419337
52,0.734667956829071,0.16093750298023224,9.35721734651064
52,0.9499986796766431,0.13123108466585584,8.239449627418995
52,0.9499999632483195,0.13122837707098486,8.239430638216104
53,0.9499990485962158,0.1312265315671934,8.239443103317177
53,0.9499999373870858,0.13122932288239317,8.239436963923255
53,0.9499998197682145,0.13122972067373204,8.239439702104601
53,0.7381836175918579,0.47968751192092896,9.668519971126967
53,0.9499937851468317,0.13122803592248547,8.239434963710677
53,0.9069335460662842,0.7796875238418579,8.735997498720529
53,0.8506835699081421,0.2796874940395355,8.867021011299943
53,0.625683605670929,0.6796875,10.72057063051495
53,0.51318359375,0.07968749850988388,14.473051571522204
53,0.9499999766054498,0.13122973218845083,8.239439664723697
53,0.681933581829071,0.37968751788139343,10.138680986388241
53,0.9499978587884417,0.1312297064763079,8.239441034865887
53,0.9499994059039826,0.13122985231820875,8.239440881198776
53,0.9499998973966889,0.13122872650013004,8.23943301622103
53,0.5096679925918579,0.5609375238418579,12.36845652222038
54,0.93505859375,0.02968749962747097,10.264084760027675
54,0.949999648802757,0.13122796301813852,8.239428157516786
54,0.9499991730525443,0.1312279523102235,8.239428865781296
54,0.949999173638867,0.1312279523102235,8.239428865032322
54,0.822558581829071,0.629687488079071,9.065520036061626
54,0.9499999844403294,0.13122796361972178,8.23942786580783
54,0.9499997954754208,0.13122795559421263,8.239428039842098
54,0.65380859375,0.12968750298023224,10.183985464183477
54,0.9499992772071951,0.13122795309610075,8.239428725351676
54,0.5694335699081421,0.5796875357627869,11.400032352091328
54,0.7100585699081421,0.4296875,9.889348925383262
54,0.5975586175918579,0.22968749701976776,10.982030805073666
54,0.79443359375,0.1796875,9.05021516171988
54,0.9499992821478394,0.13122795290351774,8.239428720848304
54,0.9499992263993382,0.13122795307208426,8.239428790481647
55,0.7663085460662842,0.3296875059604645,9.433258315895902
55,0.9499999011654623,0.13122473149059466,8.239460930186548
55,0.555371105670929,0.3046875,11.56724195607343
55,0.6678711175918579,0.504687488079071,10.28755228287737
55,0.9499983119057936,0.13122509827073256,8.239459161358802
55,0.9499969706481604,0.1312279017305373,8.23943215406086
55,0.9499999538353278,0.13122460961732205,8.239462143797407
55,0.892871081829071,0.10468750447034836,8.627148048019075
55,0.72412109375,0.004687500186264515,13.85847319574751
55,0.8788086175918579,0.5296875238418579,8.771945778906678
55,0.541308581829071,0.729687511920929,11.780592800953402
55,0.7803710699081421,0.7046875357627869,9.348778523485766
55,0.949999682042848,0.13122788523107565,8.23942884527239
55,0.9499999558663582,0.1312257391961641,8.239450250144484
55,0.9499996545532285,0.13122790460051642,8.23942869856005
56,0.9499997403005984,0.13123075764559858,8.239446674728203
56,0.9499994783772557,0.13122793924619602,8.239428598382483
56,0.9499998992645161,0.13122785527104794,8.2394288490303
56,0.9499998769486284,0.13122821882409094,8.239429645810597
56,0.9499999819414717,0.13123112060717507,8.239448919154407
56,0.9499999695900612,0.1312308094586781,8.239446853328959
56,0.9499999693968522,0.13123080059820166,8.239446794385726
56,0.9499996120634732,0.13122777263901877,8.239429991613552
56,0.9499998786483627,0.1312278212075984,8.239429195133265
56,0.8366210460662842,0.20468750596046448,8.909903661478234
56,0.9491211175918579,0.4046874940395355,8.672950035547439
56,0.949999454847089,0.1312277798452845,8.239430124800968
56,0.949999974094522,0.13122814840276384,8.239429105511661
56,0.611621081829071,0.604687511920929,10.880528347136751
56,0.9499996312058809,0.13122781557491225,8.239429564103816
57,0.9499975398611092,0.13123264202680318,8.239460841976994
57,0.9209960699081421,0.35468751192092896,8.701122443993302
57,0.695996105670929,0.754687488079071,10.020971561519488
57,0.9499999247040407,0.13123331872286692,8.239463618439098
57,0.9499997761059131,0.13123314220838136,8.239462549554908
57,0.6397460699081421,0.25468751788139343,10.537761915997853
57,0.8084961175918579,0.5546875,9.157130791547491
57,0.9499999876824556,0.13122830252842219,8.23943012336379
57,0.949999067099133,0.13122628259159205,8.239445699903902
57,0.9499999662868194,0.13122788777285718,8.239428458305653
57,0.86474609375,0.6546875238418579,8.810601864243317
57,0.58349609375,0.15468750894069672,10.818149184233722
57,0.949991024940631,0.13123255854074883,8.239465027622233
57,0.949999401336286,0.13123316170365065,8.239462952348495
57,0.9499999015045032,0.1312329338535753,8.23946106891073
58,0.9499997059204301,0.13122947096410065,8.239438119854366
58,0.9499999799988906,0.13123056805592576,8.239445236019197
58,0.9499997196707461,0.13122947096410065,8.23943810984536
58,0.5272461175918579,0.4546875059604645,11.98308463107077
58,0.752246081829071,0.0546875,10.809856942182803
58,0.7452148199081421,0.692187488079071,9.61056390691281
58,0.949999946215926,0.13122947096410065,8.239437944939736
58,0.9499999414683598,0.13122799879670116,8.239428131655496
58,0.9499995826980009,0.1312280061690759,8.239428441973777
58,0.949999847556159,0.13122800036661927,8.23942821048503
58,0.9499999554305286,0.13123043599327705,8.239444373276358
58,0.520214855670929,0.29218751192092896,12.077872403871483
58,0.857714831829071,0.09218750149011612,8.902232860531637
58,0.9499970980623144,0.13123280725389688,8.23946226534302
58,0.9499992795268511,0.1312280061690759,8.239428662659602
59,0.8014647960662842,0.3921875059604645,9.190489751131135
59,0.6327148675918579,0.4921875,10.637869813066795
59,0.9499999557493675,0.13122795694221384,8.239427842165425
59,0.9499998914818323,0.13122795522212982,8.239427920692204
59,0.9499999281222098,0.13122795172175175,8.239427906745489
59,0.9499999772667574,0.13122785119118613,8.239428787686133
59,0.949999498321709,0.13122795522212982,8.239428422932223
59,0.9499994808400067,0.13122795549834534,8.23942844267105
59,0.68896484375,0.19218750298023224,9.905105387907913
59,0.576464831829071,0.792187511920929,11.303137585543181
59,0.6045898199081421,0.04218750074505806,14.03341954781557
59,0.9499992488516249,0.13122795522212982,8.239428741616928
59,0.82958984375,0.44218751788139343,9.011066879810214
59,0.949999907085756,0.13122784643997182,8.239428921939894
59,0.9139648675918579,0.5921875238418579,8.726598675473182
60,0.949999899571978,0.13122799189636258,8.239428116140006
60,0.9499998990480111,0.13122795681540053,8.23942789607017
60,0.75927734375,0.5171875357627869,9.50467102681297
60,0.54833984375,0.542187511920929,11.685803415123113
60,0.9499989460016999,0.1312279399217578,8.23942927212226
60,0.9499991528810062,0.13122793291813722,8.239429073590706
60,0.717089831829071,0.6421875357627869,9.839390766616418
60,0.5342773199081421,0.1171875,12.788298382344264
60,0.9499999824630088,0.13122795521405814,8.239427811196112
60,0.8858398199081421,0.7421875,8.762785835612776
60,0.7733398675918579,0.14218750596046448,8.966668625626689
60,0.9499991594870275,0.13122793291813722,8.239429065151777
60,0.9499999880061012,0.1312279727298569,8.239427923960651
60,0.9420897960662842,0.2421875,8.659440996563124
60,0.660839855670929,0.3421874940395355,10.338973963810023
61,0.9499999793936523,0.13123306084853847,8.239461859052998
61,0.9499992745486632,0.13123230852953424,8.239457355442012
61,0.9499999005280403,0.13123210452887357,8.239455539460511
61,0.9499999520533312,0.13123523934504508,8.239476405802273
61,0.9499996984085344,0.13123177776611564,8.239453507643821
61,0.949999988079071,0.13122811685778613,8.239428884983457
61,0.8155273199081421,0.01718750037252903,11.89270225554328
61,0.9499999774500824,0.13123207296793216,8.239455273011856
61,0.9499999880478476,0.1312275740484672,8.239431375561276
61,0.7030273675918579,0.21718750894069672,9.893427981304033
61,0.646777331829071,0.7171875238418579,10.49482326081153
61,0.8717772960662842,0.31718751788139343,8.761213171558028
61,0.928027331829071,0.6171875,8.709918351491245
61,0.9499999696755166,0.13123297160465655,8.239461271023783
61,0.590527355670929,0.41718751192092896,11.120963880701465
62,0.61865234375,0.06718750298023224,12.125656004011306
62,0.9499983177046751,0.13122689807383112,8.23944020732505
62,0.8436523675918579,0.4671874940395355,8.935101279419843
62,0.50439453125,0.1328125,13.423422004008104
62,0.89990234375,0.16718749701976776,8.517516361664525
62,0.9499992625209978,0.13122809917155243,8.239429295198542
62,0.506152331829071,0.667187511920929,12.463039692112549
62,0.9499999870888951,0.1312283659265533,8.23943054654855
62,0.6749023199081421,0.567187488079071,10.21876239539707
62,0.9499998843265524,0.13122809542474678,8.239428817586745
62,0.731152355670929,0.2671875059604645,9.695885105526173
62,0.9499999416997442,0.13122830901406726,8.239430200083182
62,0.5624023675918579,0.3671875,11.477892175331784
62,0.9499999854426026,0.13122833097680678,8.239430314694284
62,0.787402331829071,0.7671875357627869,9.298892141709786
63,0.9499999880128205,0.13122796361877173,8.23942786320096
63,0.5606445074081421,0.43281251192092896,11.504857838531722
63,0.616894543170929,0.7328125238418579,10.817451057569624
63,0.9499999875915864,0.13122795522212982,8.239427807516991
63,0.9499995862134324,0.13122801835168352,8.23942852065091
63,0.8418945074081421,0.33281251788139343,8.926858719739878
63,0.949999980554395,0.13122793375362427,8.239428008440632
63,0.8981444835662842,0.6328125,8.746525618863808
63,0.7293945550918579,0.5328125357627869,9.738753448954201
63,0.949999961856369,0.13122792510956052,8.239428113471202
63,0.9499999425480574,0.131227998597198,8.239428129539034
63,0.9499998692503839,0.13122799745374758,8.239428175269673
63,0.78564453125,0.03281250223517418,11.487455478567384
63,0.949999880032477,0.1312346508668267,8.239472534075503
63,0.673144519329071,0.23281250894069672,10.188100455868456
64,0.8700195550918579,0.4828124940395355,8.78415566169163
64,0.9499999799754866,0.1312285785365446,8.239431969456419
64,0.7575194835662842,0.2828125059604645,9.49271649795551
64,0.813769519329071,0.7828125357627869,9.121417313153783
64,0.9499999484687673,0.13122799193159643,8.239428080781806
64,0.9499996638440937,0.1312261107068013,8.239446723724093
64,0.949999777544025,0.13122860168657996,8.239432271179904
64,0.532519519329071,0.682812511920929,11.910401956803335
64,0.5887695550918579,0.3828125,11.14097913043692
64,0.9499977055574761,0.13122862762461351,8.239433952390165
64,0.7715820074081421,0.6578125357627869,9.412303060345153
64,0.7012695074081421,0.582812488079071,9.976778721100928
64,0.546582043170929,0.2578125,11.674553375246903
64,0.64501953125,0.08281250298023224,11.033237010852114
64,0.92626953125,0.18281249701976776,8.595374419043766
65,0.57470703125,0.0078125,17.232967990860303
65,0.602832019329071,0.7578125,10.979362527250101
65,0.6590820550918579,0.45781251788139343,10.363148434286355
65,0.8278319835662842,0.3578124940395355,9.016163660076606
65,0.9499999292577147,0.13123246651371195,8.239457932359553
65,0.94999820607509,0.13123087419014365,8.239448568656545
65,0.9499996983075666,0.1312276138862774,8.239431371716078
65,0.9403320550918579,0.557812511920929,8.695457193155828
65,0.9499999880775221,0.13122760928195618,8.239431044772932
65,0.71533203125,0.15781250596046448,9.493347622460963
65,0.884082019329071,0.05781250074505806,9.43006988404901
65,0.9499994610991178,0.13123239372732223,8.239457787773151
65,0.9499998382944046,0.13123174455098613,8.239453184333234
65,0.9499999880765219,0.13122822788216382,8.239429625319612
65,0.949999916086505,0.1312317699098107,8.239453296807657
66,0.9499995188917625,0.1312281276061932,8.23942929818811
66,0.6309570074081421,0.30781251192092896,10.64535283130555
66,0.687207043170929,0.6078125238418579,10.10299082685216
66,0.9499999466269894,0.131227956437914,8.239427845443098
66,0.8629882335662842,0.14531250298023224,8.434736618133437
66,0.5184570550918579,0.5078125,12.119036772526695
66,0.5254882574081421,0.3453125059604645,12.004362923299102
66,0.9499998396686683,0.1312279444126769,8.239428088353183
66,0.9122070074081421,0.20781250298023224,8.674944903257964
66,0.7997070550918579,0.4078125059604645,9.203346695635977
66,0.637988269329071,0.5453125238418579,10.590414805310653
66,0.85595703125,0.707812488079071,8.861453649710507
66,0.75048828125,0.745312511920929,9.569153609746476
66,0.743457019329071,0.10781250149011612,9.600770677728232
66,0.9499996019163696,0.13122795855156302,8.239428259341105
67,0.6942383050918579,0.04531250149011612,11.973296161360517
67,0.9499995852170506,0.13122845350413798,8.239431423066064
67,0.9499987258456972,0.13122860993765534,8.239433091754757
67,0.9499995875179936,0.13122854838841136,8.23943205410011
67,0.8067382574081421,0.24531249701976776,9.134477863917466
67,0.9499992328468698,0.13122869275898505,8.239433274967404
67,0.9499994810622701,0.1312282711575493,8.239430282956084
67,0.9499994521091613,0.13122763171752286,8.239431518832953
67,0.581738293170929,0.645312488079071,11.239769991741108
67,0.9499999240434787,0.13122326266881165,8.239476362243925
67,0.9499993653987027,0.1312273832048147,8.239433962489294
67,0.9499995805604817,0.13122837584395622,8.239430908600594
67,0.9499994814814092,0.1312282711575493,8.239430282651131
67,0.949999607669943,0.1312279636768878,8.239428203877749
67,0.919238269329071,0.4453125,8.719590636780547
68,0.778613269329071,0.09531249850988388,9.462789956642885
68,0.9499995484359383,0.13122837803060156,8.239430946565632
68,0.9499999313196682,0.13122872110651856,8.239432955562222
68,0.8348633050918579,0.5953125357627869,8.98845852851776
68,0.53955078125,0.0703125,14.130529039219615
68,0.9499999745343746,0.131230777457377,8.239446636337334
68,0.6661132574081421,0.2953124940395355,10.281374038059555
68,0.9499999691099614,0.13122921307587881,8.239436208616647
68,0.9499999873091348,0.1312316138629304,8.239452204402982
68,0.89111328125,0.6953125,8.755758857375417
68,0.60986328125,0.1953125,10.699506658638423
68,0.5536133050918579,0.49531251192092896,11.602812548084815
68,0.9473632574081421,0.39531251788139343,8.674215579284958
68,0.9499999639531947,0.131228660387215,8.239432526917987
68,0.722363293170929,0.7953125238418579,9.793205292678072
69,0.9499999860561558,0.1312280549958236,8.23942847394677
69,0.708300769329071,0.37031251192092896,9.900979440301906
69,0.9499999716585548,0.1312280581583095,8.239428505515336
69,0.7645508050918579,0.4703125059604645,9.465732789625507
69,0.9499999879268651,0.13122773109236235,8.23942990148308
69,0.9499997487831804,0.1312275011738441,8.239432365312213
69,0.5958007574081421,0.5703125,11.067898978673222
69,0.82080078125,0.17031250894069672,8.8308766974248
69,0.652050793170929,0.6703125238418579,10.441704773393573
69,0.9499999724235727,0.1312281621178768,8.239429198183164
69,0.9333007335662842,0.770312488079071,8.7047657953155
69,0.9499989709788791,0.13122801988817526,8.239428978741254
69,0.9499999828243442,0.13122813848873743,8.239429033047925
69,0.8770507574081421,0.27031251788139343,8.746932038979681
69,0.94999991181573,0.1312281481660287,8.239429149267085
