iters,res,f,objs
0,0.725,0.4,12.38140329174512
0,0.8375,0.2,11.426066527485355
0,0.6125,0.6,13.86090635337756
0,0.66875,0.3,13.054200046272872
0,0.89374995,0.7,11.835842816621804
0,0.78125,0.1,11.751655745375231
0,0.55625,0.5,14.790618152067244
0,0.584375,0.25,14.28092108437455
0,0.809375,0.65000004,11.716838596492593
0,0.921875,0.05,10.943318417027783
0,0.696875,0.45000002,12.710385454794173
0,0.640625,0.15,13.072930671438746
0,0.865625,0.55,11.720712558333327
0,0.75312495,0.35,12.074612917388368
0,0.528125,0.75,15.311484998725575
1,0.9471261448412381,8.86991281809613e-05,11.617879397289842
1,0.879687488079071,0.17499999701976776,11.364871382006996
1,0.9469354858268488,4.368313988042814e-06,11.62126247048593
1,0.918938501963196,0.006408420671550719,11.789314163617115
1,0.9498945721946895,7.168074523987992e-06,11.594917699612102
1,0.9495420563239614,1.6006827044844026e-06,11.598152121357158
1,0.935559978497125,0.0004412163885068944,11.715070254449435
1,0.7671874761581421,0.7750000357627869,11.935362918926682
1,0.9491721662490609,1.8776344097365982e-05,11.601089700535647
1,0.9446581738855452,0.0018107986191994302,11.60659701631722
1,0.9499648671743031,1.9644356818528897e-06,11.594398787172025
1,0.9499668179847082,6.514969245908817e-07,11.594407668662383
1,0.542187511920929,0.375,15.047170913608399
1,0.9494526251538441,1.6302959928921488e-05,11.598651930671734
1,0.9493088540239498,4.122361242935135e-06,11.600169413391322
2,0.9213670170188198,0.05364497722286836,10.914703167900322
2,0.9499353629694354,0.05500108509685926,10.695514936111712
2,0.9496868168937944,0.05471932315139917,10.699568209657064
2,0.9499634767357019,0.0667003726200653,10.602383449842495
2,0.949999003673875,0.058283050564247055,10.668612037076278
2,0.9460442924183834,0.05385639425360788,10.732421258279475
2,0.9387795296309985,0.05808971180330404,10.74991622653779
2,0.9499171386926479,0.060009472609621216,10.655440339070593
2,0.9391769456613323,0.05034239360175571,10.811990415987099
2,0.9492398249776575,0.0705558183683466,10.57714996623128
2,0.9304912902146799,0.0555953395215716,10.830520021560556
2,0.9494298521647107,0.061171064171633614,10.649655625701673
2,0.937212890306251,0.057767760365738496,10.763827680206385
2,0.9499989777210671,0.05808971180330404,10.670109845103315
2,0.9225134607892994,0.051297929071719914,10.926482595109013
3,0.9499441970738379,0.09799405741512707,10.465796609635076
3,0.9499999169314323,0.07895760108827429,10.50156301636404
3,0.9499916072961299,0.08521815766561482,10.453655406579545
3,0.9499308167047774,0.0870385547824093,10.440075947106253
3,0.949984793745608,0.09788567853451291,10.46369319860075
3,0.9499949442158954,0.09296767745124228,10.39375722072449
3,0.9499676112944018,0.07541062234380912,10.5339634413393
3,0.9499969660815065,0.08253994885462175,10.474184629342679
3,0.9499954139544315,0.08707369367793899,10.439361632146966
3,0.949995481329632,0.07290935910633171,10.553444660828172
3,0.9498324441475176,0.07958882180013101,10.497899718254974
3,0.9497843487011339,0.09219920812387358,10.401151515518762
3,0.9499954227687111,0.0730746625290988,10.552157514316244
3,0.949981592074917,0.08696979313088977,10.44025902973018
3,0.9499999169314323,0.08250642793898977,10.474421870540931
4,0.6546875238418579,0.574999988079071,13.255402528717111
4,0.7953125238418579,0.5250000357627869,11.671351132724793
4,0.9499959946282491,0.09136676659471564,10.406171277631177
4,0.9499990281038443,0.09277010755699154,10.395252452146533
4,0.9499990556179676,0.09274637754492568,10.395436880790864
4,0.5703125,0.125,14.666727229186177
4,0.9499831676845238,0.09152363317848691,10.405040432197472
4,0.598437488079071,0.675000011920929,14.074791432482556
4,0.8234374523162842,0.2750000059604645,11.500053276686831
4,0.9359375238418579,0.4749999940395355,11.77054272357907
4,0.9499483601492349,0.09154183094028229,10.40513686026492
4,0.7109375,0.07500000298023224,12.770707680947597
4,0.9499630854080185,0.09140251166038302,10.406118490907303
4,0.9499762816597027,0.0912709399776461,10.407042723078353
4,0.9499996284643613,0.09153140574246003,10.404867601415322
5,0.9499498223866585,0.0929426086535864,10.394254060678534
5,0.9499994283405537,0.09362796053166451,10.388593411572002
5,0.9499881944239651,0.09283191476807293,10.394845508371079
5,0.9499368084801824,0.09271869530762383,10.396077099833175
5,0.9499933049283207,0.09217858635128086,10.399884783759664
5,0.949976405882581,0.09329260852062711,10.391354629603983
5,0.9499876401542593,0.09104231212141699,10.408740366781332
5,0.9078124761581421,0.32500001788139343,11.629754098767892
5,0.9499994283405537,0.0921738480674528,10.399879811007867
5,0.9499764314588925,0.09082976684321137,10.410473113522716
5,0.9499995829276926,0.0921738480674528,10.39987875551349
5,0.682812511920929,0.7250000238418579,12.87845332257133
5,0.9497886519149791,0.09256725068744762,10.39825969993654
5,0.6265624761581421,0.22500000894069672,13.598368947363728
5,0.9499507321155236,0.0918159277748766,10.402990920912936
6,0.5062755829457052,0.00042330091510981577,20.106146525736172
6,0.9499952369092071,0.09320406914674412,10.391907988663954
6,0.9499992058486121,0.09301947129206146,10.393325075334023
6,0.9427559362082704,0.0931492642527762,10.442180863852382
6,0.9499818192205937,0.09301947129206146,10.393443711525823
6,0.5092786648889825,2.6712884520081725e-05,20.02373235847411
6,0.9499807813611801,0.09282302910282822,10.394965234945587
6,0.936972207449849,0.09369257657074118,10.478318753003231
6,0.931807539768897,0.09301947129206146,10.520144453231298
6,0.9308412152688728,0.09270411281309916,10.529495378868381
6,0.5189270691545221,6.073346864138396e-06,19.693808942325493
6,0.9499992877225688,0.09301947129206146,10.393324516685285
6,0.5075013982710777,6.0850792443779855e-05,20.083518740820995
6,0.5029644940678958,7.2206360965709625e-06,20.24493257826714
6,0.9392628920463008,0.09318748659469282,10.466217313730786
7,0.9499977040133858,0.0935891004064511,10.388907793536957
7,0.9499958231050184,0.22403467478943276,11.609994931473206
7,0.9499287663977064,0.09362786410129745,10.389076115473998
7,0.8515625,0.625,11.745730648072298
7,0.9499053104357045,0.09362786410129745,10.389236115431217
7,0.9499980910816539,0.22267572074784603,11.608663356929208
7,0.9499961412777563,0.22646470674857386,11.612420766237758
7,0.9499980441216755,0.22400816491400327,11.609969647350225
7,0.9499920130224213,0.09368962114124843,10.388163773261672
7,0.9499923340517311,0.09362789990667222,10.388642267031086
7,0.9499871264518709,0.09388729043400201,10.38665741044486
7,0.9499993698682242,0.2209190417551271,11.606858571253403
7,0.9499893368476768,0.09362795948982239,10.388662244307023
7,0.9499309478016464,0.22011285334076697,11.605850933487812
7,0.9499999793327655,0.09362795948982239,10.38858966192983
8,0.9499961649004882,0.09409888507522012,10.38777064374364
8,0.9499899877574633,0.09388411117699345,10.386662666701698
8,0.739062488079071,0.02500000037252903,13.31905282584284
8,0.9499834222305099,0.09388426729866461,10.386706219425367
8,0.949988663492446,0.09388758196275158,10.38664465870041
8,0.9499951659928225,0.09391059338225373,10.386421056503975
8,0.949998927596847,0.09412913872959629,10.388381294700835
8,0.9499983604610941,0.09385710508537498,10.386815951341328
8,0.9499995678284974,0.09410218701004648,10.387843676958875
8,0.9499988104076957,0.09421794186211717,10.390156977863104
8,0.9499930054476129,0.09409463979940258,10.387679249852866
8,0.5140625238418579,0.42500001192092896,15.600043225197473
8,0.9499865911552327,0.09388729184865952,10.38666104948747
8,0.5210937261581421,0.21250000596046448,15.439936734304307
8,0.949999215269085,0.09392301292020233,10.386296694069186
9,0.9499860248728139,0.12843789619274903,11.093627696069484
9,0.9499725828394233,0.12685608794451494,11.060748737047387
9,0.8585937023162842,0.012500000186264515,12.268840046036752
9,0.9499981917411363,0.09397818920125055,10.38588185577841
9,0.9499894767977918,0.12711802473434025,11.066269575417513
9,0.74609375,0.612500011920929,12.156549411391191
9,0.9499966139889334,0.12711802473434025,11.066285468671833
9,0.9499984588536556,0.0937106926540878,10.387955702765174
9,0.9499994678002733,0.09370040915542406,10.388028913898689
9,0.9499945246956332,0.12833364284843327,11.091511495023608
9,0.633593738079071,0.4124999940395355,13.543569502093296
9,0.9499996653002069,0.1288957822975589,11.103010057678715
9,0.9499997416250948,0.12743395141219221,11.072906435986482
9,0.9499939232637733,0.1288957822975589,11.103046415203703
9,0.9499991562679292,0.12849063040473224,11.094758777803918
10,0.717968761920929,0.6625000238418579,12.462746931209724
10,0.9499992853732824,0.09393651257299457,10.386191047425816
10,0.9499943540128293,0.09398293882485811,10.385870522561804
10,0.8023437261581421,0.3125,11.58982042985362
10,0.914843738079071,0.512499988079071,11.76216791417329
10,0.60546875,0.0625,14.776951775205925
10,0.9429687261581421,0.26250001788139343,11.632934589726213
10,0.9499994775881768,0.0939805646432936,10.385854318434186
10,0.9499902348840985,0.09400747039980092,10.385930680221696
10,0.6617187261581421,0.36250001192092896,13.1523470445641
10,0.6898437738418579,0.11250000447034836,12.693139874979579
10,0.949999522532497,0.09401562555555783,10.386112846258424
10,0.577343761920929,0.7125000357627869,14.417932461806235
10,0.8304687738418579,0.4625000059604645,11.636716904890338
10,0.88671875,0.762499988079071,11.843640302826639
11,0.949999960214881,0.09399286577441379,10.385763532279778
11,0.9499858906059395,0.09398397120087106,10.38592011437075
11,0.53515625,0.1875,15.104009158273016
11,0.9499997584834048,0.0938790379068925,10.386635564324578
11,0.9499990955416242,0.09397964629733503,10.385864179301025
11,0.774218738079071,0.16250000894069672,11.591537124897414
11,0.647656261920929,0.7875000238418579,13.336941877931988
11,0.9499996637199642,0.09397825229049024,10.38587131410799
11,0.5492187738418579,0.5625,14.924726968096039
11,0.8726562261581421,0.38750001788139343,11.62691622242569
11,0.7601562738418579,0.5875000357627869,12.011630503290666
11,0.9499999752029931,0.0939805656671524,10.385850915131416
11,0.9499999685957374,0.09398112450319075,10.385846545873544
11,0.9499999112314615,0.09405378104479217,10.386876506483391
11,0.9499996730293169,0.09405540376648838,10.386908460929885
12,0.9499551674145458,0.09414312294233525,10.388570806892972
12,0.9499913292215929,0.09398958401074083,10.3858479485943
12,0.9499956998112266,0.09398180423461756,10.385870302481322
12,0.9499724018970247,0.09375040938567175,10.387824061067217
12,0.9499998498269543,0.09400350358043595,10.385871171048308
12,0.9499662121431494,0.09397207222952908,10.386142912081722
12,0.9499951379507378,0.09404777659321313,10.386746624081544
12,0.81640625,0.08749999850988388,11.512745522382527
12,0.9499914363071533,0.09390785608897935,10.386467811900436
12,0.9499999761704393,0.09398100264295106,10.385847456785843
12,0.703906238079071,0.2874999940395355,12.615030097272271
12,0.9499957881270576,0.09397145588121135,10.385945974162238
12,0.9499999134155452,0.09398941971959349,10.385790700801023
12,0.9499999125179518,0.09412627042822681,10.388325966462313
12,0.9289062023162842,0.6875,11.87582801987581
13,0.9499953310143558,0.09402873956552614,10.386366403812866
13,0.5914062261581421,0.48750001192092896,14.18961633080753
13,0.67578125,0.5375000238418579,12.979938522532183
13,0.9499961645328612,0.09396689799008953,10.385979408576063
13,0.9499999738150744,0.09395657777314372,10.386033951796017
13,0.9499803893511096,0.09399548979349859,10.385876524586719
13,0.7882812023162842,0.737500011920929,11.745325402773158
13,0.9499999847150119,0.09399475690008051,10.38574863075621
13,0.563281238079071,0.3375000059604645,14.66107354538906
13,0.844531238079071,0.4375,11.626974853897254
13,0.9499946009726331,0.09400616811632123,10.385913634114804
13,0.94999854570247,0.09401250164007413,10.386048379417096
13,0.6195312738418579,0.03750000149011612,15.123947521280277
13,0.9499999751923077,0.09400336634614521,10.385868685541142
13,0.9007812738418579,0.13750000298023224,11.145239745893884
14,0.9499928268144779,0.09401983712859771,10.386183260666323
14,0.735546886920929,0.71875,12.263145548513235
14,0.9499999305647644,0.09399759143701111,10.385753140414531
14,0.9499999849507826,0.09399353126351784,10.385758178554491
14,0.9499952118262829,0.09399340268231766,10.38579172374162
14,0.7320312261581421,0.23749999701976776,12.279253649492725
14,0.507031261920929,0.637499988079071,15.747048807453684
14,0.9499994010309036,0.09399767669148633,10.385753754547816
14,0.9499994010309036,0.09399786570907798,10.38575753340973
14,0.949994664878761,0.09401983712859771,10.386187045335644
14,0.9499999424281322,0.09399759143701111,10.385753164840667
14,0.510546863079071,0.3187499940395355,15.66737755806396
14,0.9499999474565926,0.09398929501453554,10.385791440327797
14,0.9499999458490528,0.09399489265294542,10.385747838040432
14,0.9499998838666818,0.09398944163837199,10.385790731489365
15,0.904296875,0.41875001788139343,11.68623058013327
15,0.5667968988418579,0.6187500357627869,14.60588593449651
15,0.594921886920929,0.16875000298023224,13.838952679546898
15,0.949999851739912,0.09399550535166937,10.385743705898474
15,0.8480468988418579,0.11874999850988388,10.960815689809527
15,0.623046875,0.518750011920929,13.70758129634035
15,0.9499798527310401,0.0939821065571443,10.385976041530027
15,0.9499979000700166,0.09391964829122014,10.386331873407324
15,0.9499946709110899,0.0939821065571443,10.385874934604418
15,0.6792968511581421,0.01875000074505806,14.308722794159953
15,0.9499982562185347,0.09395305981059694,10.386071089904211
15,0.791796863079071,0.21875,11.6597486534013
15,0.9499986046934494,0.09400212194582798,10.385840985296698
15,0.9499943018404022,0.09399405430003058,10.385792851082579
15,0.9499979408291032,0.09394628581125367,10.386124075686011
16,0.9499998551498011,0.09399528867263961,10.385745370882068
16,0.94999858473296,0.09399624179968889,10.385746606390075
16,0.932421863079071,0.3687500059604645,11.69190231847235
16,0.9499695050559852,0.09386187256336684,10.386975577202538
16,0.9499998550171103,0.09399528867263961,10.385745371786664
16,0.9499999800045391,0.09399622241851727,10.385737244435504
16,0.9499982410700925,0.031102422237365153,11.107388211092331
16,0.9499999569211568,0.031089787291087707,11.107686979091957
16,0.9499999673741268,0.0939962454661899,10.385737150975924
16,0.7074218988418579,0.768750011920929,12.577810929521155
16,0.9499999266328151,0.0939952855084686,10.385744908164298
16,0.8199218511581421,0.5687500238418579,11.682718165745083
16,0.9499996876669522,0.03093283602068948,11.1113530173355
16,0.9499999023371573,0.0939952855084686,10.385745073812144
16,0.9499989241786585,0.03093283602068948,11.111358789304564
17,0.9499969570108915,0.0939523222418667,10.3860856944298
17,0.949999988079071,0.09399394353090133,10.385754945093618
17,0.9499995058262012,0.0939523222418667,10.386068316013496
17,0.949999806978125,0.0939523222418667,10.386066262696025
17,0.9499995836262866,0.10862343098862617,10.680120484473248
17,0.9499999105631436,0.10882110031659746,10.68420009067431
17,0.9499983340250188,0.10849047478107222,10.677375014755807
17,0.9499977407073236,0.09399419476583999,10.385768310245387
17,0.9499911703771455,0.1082754478233821,10.672925109427876
17,0.949999839793056,0.10864121422717025,10.680487935480844
17,0.949999710306052,0.09395279863366636,10.386063210382543
17,0.9499973155814632,0.09395279305272904,10.386079581635169
17,0.9499999703584098,0.0939523222418667,10.38606514873579
17,0.9499996795371611,0.10866606780041084,10.681000386282046
17,0.9499999167445998,0.09395361396014376,10.386055450842218
18,0.9499996866501816,0.1558573295119083,11.360308942141573
18,0.9499985637423922,0.09399463103916114,10.385759299591191
18,0.9499999605461473,0.15556572186044526,11.358215929830772
18,0.9499999823392234,0.15560933807899888,11.358529089221443
18,0.949988724871161,0.09399624913930893,10.385813774617782
18,0.949999866646332,0.15561109396187084,11.358541474694933
18,0.9499988470863266,0.09396150415018449,10.38600325344892
18,0.9499997820389336,0.15574453113765435,11.359499284530907
18,0.9499956383344805,0.1558041466056903,11.359919407531992
18,0.9499988470863266,0.0939953501124092,10.38575176516044
18,0.9499840105724358,0.15560352845930556,11.3584570101653
18,0.9499999880255736,0.09399590810138653,10.385739638719715
18,0.9499841013938116,0.15560352845930556,11.358457182868605
18,0.9499999807210326,0.1558573295119083,11.360309501705816
18,0.9499999876167813,0.15556572186044526,11.358215981304017
19,0.9499999460125788,0.0939951540990848,10.385745799895815
19,0.9499975367309891,0.09399508199903783,10.385762788172713
19,0.9499993952222076,0.0939950523751462,10.385750347756074
19,0.9499992513885136,0.09399396822403082,10.385759775461208
19,0.9499999052014727,0.0939950251492524,10.385747082844757
19,0.9499998438620734,0.09399508199903783,10.385747058117433
19,0.552734375,0.09375,15.746110169333033
19,0.7777343988418579,0.4937500059604645,11.840835136276782
19,0.8761718273162842,0.668749988079071,11.797958949690043
19,0.651171863079071,0.26875001192092896,13.28317767372119
19,0.665234386920929,0.6937500238418579,13.106849291206188
19,0.9499997199111151,0.09399504974601097,10.38574815451093
19,0.763671875,0.06875000149011612,12.21382686460837
19,0.5386718511581421,0.46875,15.115346539054462
19,0.8902343511581421,0.29375001788139343,11.585936952256063
20,0.9464843273162842,0.793749988079071,11.926832634416089
20,0.9499983458329182,0.09398845079943254,10.385808937831907
20,0.721484363079071,0.39375001192092896,12.420686262395522
20,0.9499977769430619,0.09398366069097795,10.385841465671955
20,0.9499999779724112,0.09398611494234543,10.38581600924354
20,0.9499993073333022,0.09398353142174239,10.385832044972815
20,0.8058593273162842,0.643750011920929,11.710510830673133
20,0.580859363079071,0.24375000596046448,14.334396010144891
20,0.6089843511581421,0.59375,13.91527443639884
20,0.9499999793689989,0.09399650738009398,10.38573502851737
20,0.9499959448615789,0.09399757379350998,10.38575422697609
20,0.833984375,0.19375000894069672,11.399827948278757
20,0.9499995661564455,0.0939833740360438,10.385831522249642
20,0.9499999224223474,0.0939836508816176,10.385826904607837
20,0.9499998732845514,0.0939834339105818,10.38582895376628
21,0.9499998860021672,0.09399630780372387,10.385737220071984
21,0.949999986121025,0.09399414038428676,10.385753424683497
21,0.524609386920929,0.7437500357627869,15.38122778821514
21,0.862109363079071,0.543749988079071,11.71329898539919
21,0.6371093988418579,0.14374999701976776,13.134730524578503
21,0.9183593988418579,0.04374999925494194,11.059962485905999
21,0.9499999478412893,0.09397979640125764,10.38585717837665
21,0.9499989235603101,0.09400243996891441,10.385847999840113
21,0.9499999855472026,0.09399386173985233,10.385755599621124
21,0.7496093511581421,0.34375,12.110917784253868
21,0.9499998136596276,0.0940023804796542,10.38584864320641
21,0.9499990156497092,0.09397979640125764,10.385863538707351
21,0.693359375,0.4437499940395355,12.752838317144498
21,0.9499999878724433,0.09397979640125764,10.38585690524496
21,0.9499999444880605,0.09399644663678186,10.385735739611201
22,0.686328113079071,0.20624999701976776,12.75430162383344
22,0.9499991384366302,0.09399658083761568,10.385740189651221
22,0.630078136920929,0.706250011920929,13.591855795844639
22,0.6019531488418579,0.35625001788139343,14.017414501882365
22,0.9499999836331445,0.09399639693366416,10.385735859977771
22,0.9113280773162842,0.606249988079071,11.80932939609684
22,0.9499998910141715,0.09399658905471546,10.385734994559346
22,0.517578125,0.10625000298023224,16.63226728743079
22,0.798828125,0.0062500000931322575,13.038750959180891
22,0.9499999689190269,0.09399032855244707,10.385783241346857
22,0.9499992630922253,0.09399295143725422,10.385767617839646
22,0.5738281011581421,0.40625,14.481038814827505
22,0.8550781011581421,0.3062500059604645,11.553688153893079
22,0.7425781488418579,0.5062500238418579,12.19979999150385
22,0.9499995125311514,0.09399651160232916,10.385738178516336
23,0.9499999874446099,0.09399583594611825,10.38574020487132
23,0.939453125,0.15625,11.343247077830357
23,0.5316406488418579,0.28125,15.238433905425165
23,0.7707030773162842,0.2562499940395355,11.882621130559892
23,0.9499999827711447,0.09399342004100329,10.385759059992
23,0.7144531011581421,0.5562500357627869,12.509335747251033
23,0.9499999872822644,0.09399658825790971,10.385734344412986
23,0.9499999781727044,0.09399459276394724,10.38574995421011
23,0.545703113079071,0.65625,14.983068939317986
23,0.9499999860732079,0.09399526182065006,10.385744687461553
23,0.658203125,0.05625000223517418,13.649070841540134
23,0.8832031488418579,0.45625001192092896,11.691199106960354
23,0.9499999860732079,0.09399515866524923,10.385745491185858
23,0.826953113079071,0.7562500238418579,11.781172499738966
23,0.756640613079071,0.6812500357627869,12.041896632029209
24,0.869140625,0.08125000447034836,11.096656981843818
24,0.8128906488418579,0.3812499940395355,11.561485331176991
24,0.9499999549464053,0.09399619151246773,10.385737656083132
24,0.9499974229583283,0.09399391620925948,10.385772647015182
24,0.6441406011581421,0.48125001788139343,13.395775080712397
24,0.9499990931765214,0.09399287742921761,10.38576935295264
24,0.9499999879420449,0.09399624573203925,10.385737008672475
24,0.9253906011581421,0.581250011920929,11.814875202089315
24,0.949999966013982,0.09399259065275486,10.385765636316483
24,0.9499999654612344,0.09399653218617812,10.385734930066063
24,0.9499998500503016,0.09399236742177319,10.385768166233094
24,0.9499995186563973,0.09398663437669184,10.385815093805807
24,0.700390636920929,0.18125000596046448,12.466724354685992
24,0.9499995902738616,0.09399223132571387,10.38577099776718
24,0.9499995368831374,0.09399287742921761,10.38576632775322
25,0.9499999810694253,0.09399118790762827,10.385776462965605
25,0.9499999547432779,0.0939906538070413,10.385780803824789
25,0.9499997852688882,0.09399723590541191,10.38574573343217
25,0.559765636920929,0.03125,17.030936285461653
25,0.587890625,0.78125,14.237382433347918
25,0.9499997775542823,0.09399015583013728,10.385785891815754
25,0.949999719034133,0.09399015583013728,10.385786290807653
25,0.949999808599134,0.09399101080751893,10.385779018721196
25,0.949999987276044,0.0939908949802252,10.385778702950414
25,0.6722656488418579,0.6312500238418579,13.019277138046444
25,0.897265613079071,0.23125000298023224,11.545173296562655
25,0.9499999421885544,0.09399802479752478,10.385761828143334
25,0.7847656011581421,0.4312500059604645,11.763212700055616
25,0.9499999387403456,0.09399059044728499,10.385781406591352
25,0.949999110037782,0.09399117825156199,10.385782476913336
26,0.6177734136581421,0.46562501788139343,13.777451156507547
26,0.9499995667175212,0.09399643650174955,10.38573839421347
26,0.9499997644714091,0.09399651051207375,10.38573646928423
26,0.616015613079071,0.33125001192092896,13.79872609105429
26,0.5035156011581421,0.53125,15.81961642872783
26,0.674023449420929,0.16562500596046448,12.704365552398516
26,0.9499999581879653,0.09398017643679524,10.385854105818904
26,0.728515625,0.13125000894069672,12.041504596049064
26,0.8427734375,0.06562500447034836,11.459709560430282
26,0.9499996724307014,0.09399265463529337,10.385767139459029
26,0.5052734613418579,0.265625,15.826630034806403
26,0.730273425579071,0.6656250357627869,12.32455755944704
26,0.8410155773162842,0.731249988079071,11.78772909196445
26,0.9499999287084362,0.09399336319527905,10.385759871498179
26,0.949999957054724,0.09399637063402887,10.385736246099922
27,0.8990234136581421,0.565625011920929,11.770268418222187
27,0.949999987378717,0.09398438424578466,10.385820668435215
27,0.9499997657722901,0.09398505347894254,10.385816894047192
27,0.9499997415474392,0.09399682566853243,10.385737441918307
27,0.589648425579071,0.015625,16.783438677638912
27,0.7865234613418579,0.3656249940395355,11.742667228859252
27,0.9499992716379236,0.0939847634339086,10.38582255662549
27,0.5615234375,0.765625,14.687858852189953
27,0.9499998366335333,0.09398491756471897,10.38581748417665
27,0.9499999680717277,0.09398528689248464,10.385813669990643
27,0.8146483898162842,0.4156250059604645,11.584396805793366
27,0.949999987378717,0.09399720322242977,10.385745496164244
27,0.9499996262363694,0.09398506103199394,10.38581778643149
27,0.9499972357763752,0.09398329574626618,10.38584804081962
27,0.9499999840738804,0.09398323034407216,10.385829805863903
28,0.9499998702833048,0.09398807847701572,10.385801444947518
28,0.7021484375,0.6156250238418579,12.649831462708779
28,0.9499999647110331,0.09398876141850133,10.385795480112893
28,0.9499999665000156,0.09398850893010588,10.385797435136611
28,0.870898425579071,0.715624988079071,11.814097604115968
28,0.9499999317568486,0.09399664872677406,10.385734296114764
28,0.9271484613418579,0.21562500298023224,11.56852345979753
28,0.6458984613418579,0.31562501192092896,13.363812581201914
28,0.9499999812821636,0.09399627050625779,10.385736861053553
28,0.9499998796231947,0.09399659391023797,10.385735034391526
28,0.9499999762152359,0.09398876141850133,10.385795401676871
28,0.9499998571098011,0.09398849642241057,10.385798278414272
28,0.9499997896600355,0.09399665038584473,10.385735207734992
28,0.9499994456642258,0.09399352707835057,10.385761888022609
28,0.7583984136581421,0.11562500149011612,11.85022889324853
29,0.9499998772080057,0.09400294470534806,10.385860054218261
29,0.9499995867830041,0.019565988358240492,11.317206241573386
29,0.9499999753031247,0.01966624182998735,11.315792187346018
29,0.9499998104981824,0.019572323331670825,11.317118336287509
29,0.9499999195299916,0.09399665147066116,10.385734325796559
29,0.9499996843029495,0.019521775349076228,11.317827137392586
29,0.9499999804293782,0.09399665147066116,10.385734451185158
29,0.949999919520013,0.019575067997970208,11.317080188000022
29,0.9499999635732953,0.01967203461489699,11.315715049597584
29,0.9499999454977962,0.019575067997970208,11.317079983372805
29,0.949999983762025,0.09399665147066116,10.385734458046619
29,0.9499998887378461,0.09399665147066116,10.385734523771161
29,0.9499992545890771,0.01952233236061316,11.317822945061357
29,0.9499996607850365,0.09399665147066116,10.385736077951133
29,0.9499999348332527,0.09399665147066116,10.385734357305171
30,0.8849608898162842,0.34062501788139343,11.611231088231275
30,0.9499999871554791,0.0939958423192482,10.385740157186898
30,0.9499999484763829,0.0939967033490412,10.385735422552287
30,0.7724609375,0.5406250357627869,11.89039557247291
30,0.9499999880787656,0.09399664676904584,10.385734372939583
30,0.9499999750424953,0.09399669122227437,10.385735234811042
30,0.5474609136581421,0.140625,15.071727292718991
30,0.659960925579071,0.7406250238418579,13.17291325514526
30,0.9499999880790359,0.09399664611201235,10.385734359804742
30,0.941210925579071,0.640625,11.869682763074701
30,0.9499998582867841,0.0939954012253574,10.385744472551329
30,0.533398449420929,0.515625,15.216321643028255
30,0.7162109613418579,0.24062500894069672,12.458223742218696
30,0.9499999867379055,0.09399665147066116,10.385734464173998
30,0.9499999637323021,0.09399665149492137,10.385734417291628
31,0.8287109136581421,0.04062500223517418,11.925464590189055
31,0.9499999473405867,0.09399664062163668,10.385734208747705
31,0.9499999764836347,0.09399691305021919,10.385739672581707
31,0.9130859375,0.19062499701976776,11.501608815381342
31,0.9499999356950639,0.09399664207035259,10.385734276859244
31,0.6318359375,0.09062500298023224,13.716443176696236
31,0.6880859136581421,0.590624988079071,12.821961490687965
31,0.949999976076399,0.09399955828793752,10.385792555697881
31,0.9499999615906128,0.09399664548701883,10.38573429277162
31,0.800585925579071,0.7906250357627869,11.768670422046887
31,0.5755859613418579,0.390625,14.450529512987318
31,0.9499999256054877,0.09399665187408476,10.385734346370798
31,0.8568359613418579,0.4906249940395355,11.678896496002793
31,0.603710949420929,0.44062501192092896,13.992847522418755
31,0.9499999629759779,0.09399691305021919,10.385739644770153
32,0.9201171398162842,0.753125011920929,11.881703719780884
32,0.9499997448086988,0.09399663547109463,10.385735629737775
32,0.638867199420929,0.653124988079071,13.46946628612642
32,0.7513672113418579,0.453125,12.098396447679473
32,0.8076171875,0.15312500298023224,11.234449256881346
32,0.519335925579071,0.690625011920929,15.490604695391202
32,0.8638671636581421,0.25312501192092896,11.524338828989508
32,0.9499992855809648,0.0939966446160931,10.38573868949698
32,0.9499979802982873,0.09398818233997991,10.385813521728181
32,0.949999871171626,0.09398668322257787,10.385812309767287
32,0.9499997307994359,0.09399663087754753,10.385735761042739
32,0.9499999784669502,0.09398773514352561,10.385803382370842
32,0.744335949420929,0.2906250059604645,12.161012124471679
32,0.5263671875,0.05312500149011612,17.299507807636978
32,0.695117175579071,0.3531250059604645,12.727305917744273
33,0.9499999846673932,0.09399755712231567,10.385752565785841
33,0.6669921875,0.10312499850988388,13.085873381249554
33,0.835742175579071,0.6031250357627869,11.7164290111829
33,0.6107422113418579,0.203125,13.752128484874046
33,0.7232421636581421,0.40312501788139343,12.401300089124975
33,0.9499999792330912,0.09399664402008057,10.385734299769439
33,0.8919922113418579,0.503125011920929,11.727333141517883
33,0.9499999759034022,0.09399377764960092,10.38575632055192
33,0.5826171636581421,0.5531250238418579,14.340707090572652
33,0.7794921398162842,0.3031249940395355,11.804750612306718
33,0.5404297113418579,0.328125,15.077392385146464
33,0.9499936953366149,0.09399363725740537,10.385800235636058
33,0.9482421875,0.0031250000465661287,11.559973785060592
33,0.9499999641075697,0.09399664164250787,10.385734221094122
33,0.554492175579071,0.703125,14.818395196739607
34,0.8779296875,0.12812499701976776,10.935818161211188
34,0.9499999604167856,0.09399093257953998,10.38577859312778
34,0.9499999873562022,0.09399681383081263,10.385737711364612
34,0.9499999762078658,0.0939911662937226,10.385776664513461
34,0.9499993170453571,0.09399391613310351,10.385759733672419
34,0.9499999639770245,0.09399355119348303,10.3857581662719
34,0.9499999141527987,0.09399202852936897,10.385770369616695
34,0.9499974559947403,0.09399668903079308,10.385750817583846
34,0.949999859939083,0.09399134704897814,10.385776048907065
34,0.9499985508311791,0.09399668982350085,10.38574334679385
34,0.765429675579071,0.7281250357627869,11.950151983409711
34,0.949995982043247,0.09399731339102893,10.38575600237988
34,0.9499999750943502,0.0939967175916499,10.38573576209664
34,0.9499999077514486,0.09399302149576781,10.385762676692591
34,0.9499999833395087,0.09399174702427986,10.385772091209327
35,0.9499999300449881,0.0939953708355941,10.385744220082845
35,0.9499999084643806,0.09399524655371043,10.385745335548652
35,0.9499999430542531,0.09399468836589418,10.385749448775812
35,0.9499993073183999,0.09399431187523798,10.385756716610505
35,0.9499999444778234,0.09399524576883563,10.385745096124383
35,0.709179699420929,0.02812500111758709,13.614815461973688
35,0.9499995094410469,0.0939969483568858,10.385739416819874
35,0.9499997338618347,0.09399823662852409,10.385765634161407
35,0.9499999444778234,0.09399633868089843,10.385736580809018
35,0.949999690691604,0.0939969483568858,10.385739790004903
35,0.6529296636581421,0.528124988079071,13.282209540819293
35,0.9499999411242462,0.09399507611089435,10.385746440861086
35,0.9499999646388015,0.0939968187604193,10.38573776314385
35,0.949998470328149,0.09399440327777082,10.385761711070474
35,0.9499999629420453,0.0939969196646978,10.38573977693734
36,0.8216797113418579,0.22812500596046448,11.457715806022856
36,0.6810547113418579,0.778124988079071,12.897373484081129
36,0.9341796636581421,0.4281249940395355,11.742523916353914
36,0.624804675579071,0.27812501788139343,13.660146881564781
36,0.568554699420929,0.17812500894069672,14.314952589560674
36,0.906054675579071,0.37812501192092896,11.66241425913262
36,0.9499999009594032,0.09398853851155171,10.385797651515785
36,0.9499998415137166,0.09399685617947412,10.385738257720677
36,0.5966796875,0.628125011920929,14.10616776731344
36,0.9499999009594032,0.09399664402008057,10.385734498495262
36,0.7935546636581421,0.578125,11.685155248550759
36,0.9499999434308568,0.09398741724988269,10.385806098060444
36,0.9499999113021711,0.09399652722228266,10.38573533799781
36,0.9499999011688,0.09399526483499032,10.385745242853131
36,0.9499999837556858,0.09399726754587702,10.385746774665398
37,0.9499999875752936,0.09399649418831259,10.38573507534943
37,0.9499999724381144,0.09399127718240623,10.385775826242503
37,0.9499995737403671,0.09399656624376192,10.385737335458767
37,0.9499999511132723,0.09398999677045604,10.385785947775561
37,0.9499999528315076,0.09399172265186248,10.385772489107529
37,0.9499999400109268,0.0939967435305607,10.385736208434762
37,0.8498046398162842,0.6781250238418579,11.772135601983722
37,0.9499992508656695,0.0939849861356951,10.38582093918962
37,0.9499999584101123,0.09399664673029444,10.38573431107872
37,0.7373046875,0.078125,12.427063940274696
37,0.949999987894768,0.0939959946714004,10.385738965109594
37,0.9499999264258333,0.09399017282035571,10.38578474442932
37,0.9499999101646759,0.0939964885573756,10.385735647007106
37,0.9499999878684432,0.09399161696888314,10.385773073639513
37,0.9499999852699667,0.09399649911087196,10.3857350527137
38,0.9499999869570647,0.09399664567504616,10.385734348758778
38,0.9499999875128012,0.09399650363030347,10.385735002209204
38,0.8462890386581421,0.359375,11.579475180466233
38,0.949999987633839,0.09399688361788455,10.385739107125397
38,0.9499999878393813,0.09399151506483114,10.385773867808902
38,0.677539050579071,0.2593750059604645,12.932564440378744
38,0.949999987677123,0.09399666733685905,10.385734783306077
38,0.621289074420929,0.7593750357627869,13.717380382758373
38,0.9499999608403855,0.09399683109676155,10.385738001952179
38,0.9499999859860296,0.09399436607440237,10.385751667164914
38,0.9499999741258168,0.09399664402008057,10.385734289253689
38,0.7337890863418579,0.559374988079071,12.292035410221898
38,0.5087890625,0.15937499701976776,16.08846047937937
38,0.5123046636581421,0.4781250059604645,15.636456470629986
38,0.9499999868257776,0.09399665869726963,10.385734608829992
39,0.8744140863418579,0.40937501192092896,11.642890956751463
39,0.9499999855654515,0.09398953739849257,10.38578929200458
39,0.9025390148162842,0.659375011920929,11.82650535780539
39,0.9499999570236688,0.09398976227782423,10.385787734491398
39,0.7056640386581421,0.5093750357627869,12.614425523993145
39,0.9306640625,0.109375,10.654750336259488
39,0.5650390386581421,0.4593749940395355,14.634184494244707
39,0.6494140625,0.00937500037252903,15.386161048539218
39,0.7900390625,0.05937499925494194,12.018273987958313
39,0.949999056701409,0.09398983186551475,10.38579333073496
39,0.5931640863418579,0.30937501788139343,14.153801755543117
39,0.9499999468213216,0.09399343437731833,10.385759193398414
39,0.818164050579071,0.7093750238418579,11.7561098862832
39,0.9499984337509106,0.09399664402008057,10.385744501921383
39,0.9499999700221299,0.09399668081479003,10.385735016407375
40,0.9499997252148832,0.09399663152908451,10.385735794042105
40,0.7619140148162842,0.20937500894069672,11.935440927292094
40,0.536914050579071,0.609375,15.15193774406383
40,0.9499999478749738,0.09399585794173822,10.385740303279936
40,0.9499999570120382,0.09399653333460482,10.385734978724722
40,0.9499992145369583,0.09399664079657385,10.385739203634389
40,0.9499998209365239,0.09399654421530713,10.385735821710169
40,0.9499999403687104,0.09399589254650739,10.385740084838037
40,0.9499997201578086,0.09399644980903933,10.385737244376163
40,0.7759765386581421,0.6343750357627869,11.85084234805014
40,0.888476550579071,0.03437500074505806,11.526951244459076
40,0.949999800261319,0.09399663152908451,10.385735282376045
40,0.9499999067635099,0.09399664393844312,10.385734459559005
40,0.6634765863418579,0.43437501788139343,13.131957743854143
40,0.550976574420929,0.234375,14.840370684780808
41,0.9499999702814387,0.09399664050863775,10.385734211137189
41,0.9499997062046052,0.09399712431493602,10.385743339715136
41,0.5791015625,0.08437500149011612,15.132023688456668
41,0.949999774237573,0.09399666327373583,10.385735212470294
41,0.9499997409619316,0.09399664111641044,10.385735611979827
41,0.607226550579071,0.734375,13.932635503260355
41,0.9499999811131328,0.09399664388010051,10.385734300841762
41,0.9499998945763283,0.09399683730122155,10.385737989558232
41,0.9447265863418579,0.534375011920929,11.815609341565017
41,0.7197265625,0.13437500596046448,12.115676999349207
41,0.8322265148162842,0.3343749940395355,11.54910043420523
41,0.9166015386581421,0.28437501192092896,11.613052044085526
41,0.8041015863418579,0.484375,11.624733860040124
41,0.9499999731570191,0.09399665850360434,10.385734576814864
41,0.9499991945643539,0.09399666177715006,10.385739176339312
42,0.9499999580300971,0.09399573999513329,10.38574115301159
42,0.9499999871642597,0.09399664479304404,10.38573433155254
42,0.9499999875424009,0.0939966449299537,10.385734335068108
42,0.9499999879812908,0.09399665485821108,10.385734534458406
42,0.8603515625,0.784375011920929,11.820198797863403
42,0.747851550579071,0.18437500298023224,11.971307519808196
42,0.515820324420929,0.37187501788139343,15.562738601644531
42,0.5228515863418579,0.5843750238418579,15.427931230089493
42,0.691601574420929,0.684374988079071,12.772869232317294
42,0.6353515386581421,0.3843750059604645,13.517249828477178
42,0.9499999657748421,0.09399664756073792,10.385734342844616
42,0.9499999633916112,0.09399673130462793,10.38573601215216
42,0.9499999778260974,0.09399664344789606,10.385734285433292
42,0.9499999633295517,0.09399672866714916,10.385735959295767
42,0.7408202886581421,0.7718750238418579,12.203764865338341
43,0.572070300579071,0.671875,14.510776552985527
43,0.6845703125,0.07187499850988388,13.137328617352301
43,0.9499994877000248,0.09399664402008057,10.385737316093941
43,0.9499999858466671,0.09399614434683122,10.385737812892275
43,0.9095703363418579,0.47187501192092896,11.733028316666795
43,0.9499962311105264,0.09399665055456008,10.385759468673099
43,0.9499999662417011,0.09399653727025767,10.385734885132736
43,0.9499999313060558,0.09399749220233712,10.385751158029919
43,0.7970702648162842,0.2718749940395355,11.632539767649904
43,0.9499999878331974,0.09399634178877529,10.385736260998005
43,0.9499999817140249,0.09399698403624879,10.38574110250983
43,0.9499999471936121,0.09399698403624879,10.38574103143429
43,0.853320300579071,0.171875,11.301606296976853
43,0.6283203363418579,0.5718750357627869,13.626516429940224
43,0.9499999808636533,0.0939967653216427,10.385736728197438
44,0.9499998958434318,0.09399750716606232,10.385751384170755
44,0.9499999530526589,0.09399620576334698,10.385737557960422
44,0.6001952886581421,0.12187500298023224,13.919931536420439
44,0.9499999473467032,0.0939966998023299,10.38573534932039
44,0.9499999236655705,0.09399763282659473,10.385753953674682
44,0.9499999106689945,0.09399664168017562,10.385734450526462
44,0.9499998484454261,0.09399721246481503,10.385745394882322
44,0.9499999247385607,0.0939966935981324,10.385735178736423
44,0.9376952648162842,0.3218750059604645,11.668050461319336
44,0.9499999600681025,0.09399664467573614,10.38573427341771
44,0.9499996823310147,0.09399690075487112,10.385738821127434
44,0.8251953125,0.5218750238418579,11.662882906511113
44,0.9499999635192632,0.09399663933988385,10.385734173848771
44,0.712695300579071,0.721875011920929,12.519093484575379
44,0.9499999867713795,0.09399665901011564,10.385734614972321
45,0.9499999851015806,0.09399802989471069,10.38576201840248
45,0.9499999618469237,0.09399812551807007,10.385763882237256
45,0.949999973841085,0.09399656771414525,10.38573459611966
45,0.8814452886581421,0.621874988079071,11.779161243599694
45,0.9499999791081953,0.09399656560645056,10.385734576630592
45,0.949999965108381,0.09399663673226899,10.385734124988781
45,0.9499999582185249,0.09399661749600612,10.385734314763399
45,0.9499999870438198,0.09399663673013435,10.385734170109956
45,0.656445324420929,0.22187499701976776,13.17775084434616
45,0.9499999621645987,0.09399835385165868,10.385768447767841
45,0.7689453363418579,0.02187499962747097,13.042906026574812
45,0.9499999831606833,0.09399678552799921,10.385737136894036
45,0.9499999848135569,0.09399665090183765,10.3857344488399
45,0.5298827886581421,0.046875,17.401899187664892
45,0.5439453125,0.421875,15.015524967464673
46,0.9499995790286195,0.0939966426966389,10.385736703727583
46,0.9499999763464928,0.09399661473242522,10.385734212699168
46,0.923632800579071,0.746874988079071,11.884547569777201
46,0.642382800579071,0.6468750238418579,13.42034154300117
46,0.8111327886581421,0.14687500894069672,11.167851399399009
46,0.9499995329063907,0.09399663523524984,10.385737076323451
46,0.6986328363418579,0.34687501192092896,12.684359952385625
46,0.949999210206925,0.09399663642219955,10.385739267238867
46,0.9499999775935856,0.09399655326428183,10.385734683119795
46,0.9499996627289783,0.09399617687441833,10.385739762470193
46,0.7548828125,0.4468750059604645,12.061646047092278
46,0.9499994307130242,0.09399662886350277,10.385737822722144
46,0.9499998261236742,0.09399671059913496,10.385735315579238
46,0.9499999705273449,0.09399663523524984,10.385734106217537
46,0.8673827648162842,0.24687500298023224,11.523127062066516
47,0.6705077886581421,0.49687501788139343,13.050344363384667
47,0.8955078125,0.09687500447034836,10.758803383404771
47,0.586132824420929,0.546875,14.282879416483722
47,0.9499997590822633,0.09399663879245918,10.385735506542373
47,0.9499999658409334,0.09399663654747176,10.385734122802608
47,0.5580078363418579,0.296875,14.750253797562445
47,0.9499997810747746,0.0939934046156561,10.385760555343676
47,0.9499975656650954,0.09399355047421054,10.385774523620624
47,0.9499999658409334,0.09399662598018774,10.385734196689876
47,0.9499991251232811,0.09399663309823666,10.385739873237656
47,0.9499996360657287,0.0939966366421338,10.385736362022158
47,0.783007800579071,0.6968750357627869,11.77878119942316
47,0.9499996409954097,0.09399663733231414,10.385736323034328
47,0.9499999816202581,0.09399662980496015,10.385734059306566
47,0.9499997810747746,0.09399707959470763,10.385742599817542
48,0.9499958402574606,5.9012931607037595e-09,11.5941635139981
48,0.9499993015122131,2.2946122348287562e-10,11.594132975628815
48,0.9499999213701987,0.09399850895825239,10.385771464687314
48,0.9499998893066762,2.0672072325950333e-10,11.594127770850408
48,0.9499999483606585,0.09399721787468396,10.38574570875748
48,0.9499999841046255,0.0939984775195846,10.385770965328032
48,0.9499999690394901,0.0939980535071512,10.385762457394682
48,0.9499999132788968,0.09399719396068763,10.385745158434874
48,0.9499999631397009,0.0939971401402402,10.385744185111985
48,0.9499999623331625,1.4634883709114143e-10,11.594127125365452
48,0.949999938446238,1.8399516860425015e-12,11.594127339775781
48,0.9499999263481882,0.09399854537476884,10.385772202980956
48,0.9499991063543128,0.09399854537476884,10.385770514650716
48,0.9499999816896055,0.09399712976443872,10.385744015871225
48,0.9499999487105922,0.09399721837971624,10.385745719574619
49,0.9499995752189664,0.09399648094934965,10.385737989941275
49,0.9499999351668119,0.09399663917816578,10.385734302994944
49,0.9499997964090284,8.225216356054298e-08,11.594126958896394
49,0.9499999243037456,6.081992097660258e-08,11.594126253321521
49,0.9499997507390443,6.189769888472208e-08,11.594127768855179
49,0.9499999729365892,0.0939966446069153,10.385734298537368
49,0.9499991139832589,7.275461988988142e-08,11.594133191361347
49,0.9499999410060294,7.405025656754698e-08,11.594125841822805
49,0.949999658123824,0.09399648075197001,10.385737426234225
49,0.9499999838783906,6.081992097660258e-08,11.594125725756715
49,0.9499999514744251,0.09399664477444734,10.385734257697079
49,0.9499989572454568,6.442288858475527e-08,11.594134745354197
49,0.9499998972407059,6.804845084863166e-08,11.59412634896319
49,0.9499997404987357,6.008147598487169e-08,11.594127895723506
49,0.9499998835663301,8.225216356054298e-08,11.594126187072831
50,0.6142578125,0.19687500596046448,13.670780806298168
50,0.9499999514053015,0.09399604754527621,10.38573880193288
50,0.67138671875,0.09843750298023224,13.068356874676075
50,0.726757824420929,0.3968749940395355,12.361610472841717
50,0.9499999746937372,0.09399685652908514,10.385738538920886
50,0.8392578363418579,0.596875011920929,11.716731071371726
50,0.8963867425918579,0.4984374940395355,11.730363257086752
50,0.6151367425918579,0.598437488079071,13.820901231567783
50,0.502636730670929,0.3984375,15.837489941591494
50,0.9499999800059054,0.09399669590976072,10.385735338743208
50,0.501757800579071,0.796875,15.84617926837135
50,0.840136706829071,0.19843749701976776,11.424556901616453
50,0.9499999688311943,0.09399604784448859,10.38573868079207
50,0.9499999876469994,0.09399569339030701,10.385741314200555
50,0.7276366949081421,0.7984375357627869,12.351557713783697
51,0.7557617425918579,0.04843750223517418,12.516006210996364
51,0.699511706829071,0.7484375238418579,12.672604176825732
51,0.9245116710662842,0.34843751788139343,11.66766771463079
51,0.5870116949081421,0.1484375,13.907883228808533
51,0.949999979007426,0.09399790638430101,10.3857595366195
51,0.9499999744108848,0.09399158006360797,10.385773452935519
51,0.9499997897873858,0.09399654616832602,10.38573601886779
51,0.7838866710662842,0.2984375059604645,11.761517533316052
51,0.9499997403042995,0.09399631275710477,10.385738174845153
51,0.643261730670929,0.24843750894069672,13.385048199492733
51,0.8682616949081421,0.6484375,11.777470035313081
51,0.81201171875,0.5484375357627869,11.664884139934298
51,0.9499996002158424,0.09399654368431935,10.385737330718753
51,0.9499999846910981,0.0939978943120448,10.385759306971648
51,0.558886706829071,0.698437511920929,14.739740717993058
52,0.6573241949081421,0.6234375238418579,13.2166733069938
52,0.88232421875,0.22343750298023224,11.518445044851712
52,0.9499999846401697,0.09399618437173606,10.385737509267702
52,0.9499999877423275,0.09399650017967362,10.385735027529861
52,0.9499999112623088,0.093993377812018,10.385759876561545
52,0.9499999779873209,0.09399662858645338,10.385734093569612
52,0.949999967877892,0.09399661961974476,10.38573423235866
52,0.713574230670929,0.32343751192092896,12.50632798493204
52,0.9499967941417929,0.09399609188211411,10.385759982756216
52,0.9499999385421742,0.09399504401542302,10.3857467085346
52,0.9499993357135993,0.09399646328000677,10.385739760556719
52,0.5448242425918579,0.0234375,17.83367205804701
52,0.769824206829071,0.4234375059604645,11.908845581259877
52,0.53076171875,0.44843751192092896,15.267124265602805
52,0.9499999832065501,0.09399643896408989,10.385735535410149
53,0.910449206829071,0.07343750447034836,10.836516064414008
53,0.9499995070127104,0.09399416025194646,10.385756536448794
53,0.9499995210045715,0.09399662579759697,10.38573723100239
53,0.9499994276646688,0.09399644355205457,10.385739287343256
53,0.9499999739037134,0.09399726289379245,10.38574666137564
53,0.9499999844137731,0.09399657934727293,10.385734433396697
53,0.7979491949081421,0.6734375357627869,11.719446104285538
53,0.60107421875,0.5234375,14.04341322815263
53,0.572949230670929,0.2734375,14.483354044408285
53,0.9385741949081421,0.723437488079071,11.897794725313108
53,0.9499996845794515,0.09399402431355539,10.385756384946415
53,0.9499999850292079,0.09399662925477789,10.385734040351037
53,0.9499999700500095,0.09399837183976686,10.385768823624323
53,0.8260742425918579,0.12343750149011612,11.113439639153455
53,0.9499952937214678,0.09399662911891937,10.385766026855823
54,0.9499999862242198,0.09399622146572878,10.385737209453556
54,0.74169921875,0.3734374940395355,12.19692275281459
54,0.8612304925918579,0.38593751192092896,11.612799745578569
54,0.5166991949081421,0.7734375,15.537576696918146
54,0.9499990578100667,0.09399649467393911,10.385741410700023
54,0.9499999829780467,0.09399620148507891,10.385737387262902
54,0.748730480670929,0.5859375,12.130163852806543
54,0.63623046875,0.785937488079071,13.497293380650236
54,0.6924804449081421,0.28593751788139343,12.752246517123266
54,0.8541991710662842,0.573437511920929,11.72030633776748
54,0.9499999116997885,0.09399689626111991,10.385739203545805
54,0.629199206829071,0.17343750596046448,13.343436564509645
54,0.523730456829071,0.18593750894069672,15.477952647970374
54,0.6854492425918579,0.47343751788139343,12.851093182369715
54,0.9499999682833334,0.09399622296656567,10.385737320080489
55,0.9499957075805531,2.514570442511902e-07,11.594159796659392
55,0.9499999840619375,0.09399662923506916,10.385734047099167
55,0.949999987903096,2.516859758247704e-07,11.594121887447804
55,0.9499997660367081,0.09399662911891937,10.385735534497659
55,0.9499999878324521,2.5158442696736414e-07,11.594121890096577
55,0.9499997305722102,2.516699678217054e-07,11.59412416656639
55,0.9499999837361128,0.09399666503525946,10.38573472917803
55,0.9499994292031587,2.514474156029915e-07,11.594126839782593
55,0.949999234144383,2.514474156029915e-07,11.59412856713161
55,0.949999986986812,0.09399662911891937,10.38573402806245
55,0.9499999855260117,0.09399662911891937,10.385734038022411
55,0.9499998495610503,2.5167617531370006e-07,11.594123112734417
55,0.9499998533269288,2.516765163424809e-07,11.594123079378557
55,0.9499991194404261,2.514474156029915e-07,11.594129582896628
55,0.9499998285891927,0.09399662502011695,10.385735139950956
56,0.9499998475494356,0.09399658667990068,10.385735309404463
56,0.91748046875,0.6859375238418579,11.86095045258956
56,0.9499999837837826,0.09399656905341093,10.385734517895726
56,0.9499983962316368,0.09399491699983092,10.385758213648954
56,0.949999970471729,0.09399398732777924,10.385754723902238
56,0.5799804925918579,0.4859375059604645,14.3781010840704
56,0.9499999564127276,0.09399653984781008,10.385734932063821
56,0.804980456829071,0.0859375,11.635218018819439
56,0.608105480670929,0.3359375,13.920039008708331
56,0.9499998826205884,0.09399490723986985,10.385748155479305
56,0.8331054449081421,0.7359375357627869,11.78162017474509
56,0.9499995196320601,0.09399658284027786,10.385737575058267
56,0.9499999749602247,0.09399472087252222,10.385748977968936
56,0.9499999498935483,0.09399484645910314,10.385748170379326
56,0.949999960030491,0.09399484042046871,10.385748148315004
57,0.9499999862494419,0.09399575526072322,10.385740841672126
57,0.9499993501371218,0.09399691727098994,10.385738467349851
57,0.664355456829071,0.03593749925494194,14.033292122007703
57,0.9499998994455064,0.09399662925187822,10.385734623882048
57,0.9499999233690446,0.09399487751494046,10.385748109255093
57,0.7206054925918579,0.535937488079071,12.4401657127347
57,0.9499999771083087,0.09399384032262599,10.3857558240275
57,0.77685546875,0.23593750596046448,11.81439586786308
57,0.949999896280964,0.09399482344037723,10.38574871525769
57,0.9499998701044808,0.09399476774523104,10.385749327671528
57,0.8893554210662842,0.4359374940395355,11.687876252541844
57,0.9499999648543707,0.09399614529636324,10.3857379486191
57,0.5518554449081421,0.635937511920929,14.871228102864203
57,0.945605456829071,0.13593749701976776,11.210872188767626
57,0.949999988079071,0.09399612371462604,10.385737958425613
58,0.9499994071244321,1.4477346580562528e-07,11.594129160590622
58,0.9499999373401192,1.453723668102052e-07,11.594124453319106
58,0.9499998013656339,1.4492028944645224e-07,11.594125666451315
58,0.9499999600812848,1.4485991684396714e-07,11.594124262143811
58,0.9499998067682255,0.09399662911891937,10.385735256790719
58,0.9499995393077247,0.09399662911891937,10.385737080334064
58,0.9499994217904916,1.4865221724353306e-07,11.594128953437556
58,0.9499998512570138,0.09399662911891937,10.385734953466748
58,0.9499998894160441,0.09399662911891937,10.385734693298845
58,0.9499985102282931,1.4484728982791278e-07,11.594137101619632
58,0.9499998461301499,0.09399662911891937,10.38573498842145
58,0.9499998325114327,1.4491632533434615e-07,11.594125390717736
58,0.9499999189908955,1.4495306670296767e-07,11.59412462416491
58,0.9499998067768907,1.4413094362832117e-07,11.594125634258136
58,0.9499999880781472,0.09399662911891937,10.385734020621806
59,0.9499999744601684,0.09399730210364492,10.385747446408834
59,0.949999958218626,0.09399881462164593,10.385777651425752
59,0.9499999468477778,0.09398814453112565,10.385800408279147
59,0.9499999472884125,0.09399749096819074,10.38575116626372
59,0.9499997102848924,0.09399677302239963,10.385736325044485
59,0.9499998466637866,0.0939960108901164,10.385739801654692
59,0.9499997299273252,0.09399747235685293,10.385750346648381
59,0.949999962799119,0.09399686416154432,10.385738667019314
59,0.9499999427151847,0.0939967373346908,10.3857360901341
59,0.9499999451598159,0.09399677202233427,10.385736788645625
59,0.9499999809114821,0.09399896579743085,10.385780720479902
59,0.9499995452817923,0.09399655335426353,10.385737629916408
59,0.9499999120333795,0.09399651318226684,10.385735442403686
59,0.9499999804362242,0.09399738890761754,10.385749194107603
59,0.94999990869517,0.09399677382384589,10.38573674958306
60,0.594042956829071,0.7109375,14.14252841681034
60,0.9315429925918579,0.510937511920929,11.78412464485391
60,0.537792980670929,0.2109375,15.003501706211221
60,0.6502929925918579,0.41093751788139343,13.30889984522189
60,0.9499999551456573,0.09399649906062212,10.38573525849229
60,0.949999988078854,0.09399668869354631,10.385735211097911
60,0.9499997502886915,0.0939975638446242,10.385752217604793
60,0.56591796875,0.06093750149011612,15.9093566712298
60,0.7627929449081421,0.6109375357627869,11.983525761392569
60,0.70654296875,0.11093749850988388,12.49595997444433
60,0.875292956829071,0.010937499813735485,12.141331580478772
60,0.9499999751934138,0.09399663344348452,10.385734080003719
60,0.9499999766579355,0.0939965253093758,10.3857349073072
60,0.9499999230831697,0.09400218773806512,10.385845015162802
60,0.8190429210662842,0.3109374940395355,11.521359511442247
61,0.9034179449081421,0.26093751192092896,11.57836094752614
61,0.8506835699081421,0.2796874940395355,11.530240989233787
61,0.678417980670929,0.660937488079071,12.938642700920466
61,0.7909179925918579,0.4609375,11.715659656246606
61,0.9499999712192031,0.09399677146463246,10.385736831150998
61,0.9499999770580223,0.09399657237532755,10.38573453786949
61,0.51318359375,0.07968749850988388,17.2179990217246
61,0.9499999877242791,0.09399436544517498,10.385751660216092
61,0.84716796875,0.760937511920929,11.800998407298339
61,0.7381836175918579,0.47968751192092896,12.248484031420757
61,0.949999980216014,0.09399686739288902,10.385738767480962
61,0.625683605670929,0.6796875,13.657910247537947
61,0.6221679449081421,0.3609375059604645,13.708454785143804
61,0.734667956829071,0.16093750298023224,11.979442785270974
61,0.5096679925918579,0.5609375238418579,15.697637988559284
62,0.822558581829071,0.629687488079071,11.717500770797361
62,0.65380859375,0.12968750298023224,13.016447828712376
62,0.93505859375,0.02968749962747097,11.25518730794653
62,0.9069335460662842,0.7796875238418579,11.872143443145529
62,0.949998794491784,0.09399636710976633,10.38574419991014
62,0.681933581829071,0.37968751788139343,12.891791081012245
62,0.949999573037046,0.09399633189047682,10.385739166196032
62,0.9499997741421266,0.09399637233520093,10.3857374799419
62,0.5975586175918579,0.22968749701976776,14.045287782691874
62,0.9499988749126943,0.09399652212672058,10.385742443798957
62,0.7100585699081421,0.4296875,12.55338478539825
62,0.5694335699081421,0.5796875357627869,14.562753043397208
62,0.79443359375,0.1796875,11.504443143809707
62,0.8788086175918579,0.5296875238418579,11.725392383251716
62,0.9499999856893697,0.09399662842750699,10.385734042295612
63,0.7803710699081421,0.7046875357627869,11.803853259164516
63,0.9499999406380534,0.09399670585564968,10.38573545652594
63,0.541308581829071,0.729687511920929,15.059775544889307
63,0.9499999663165442,0.09399581022530415,10.38574054932336
63,0.72412109375,0.004687500186264515,14.0564537097073
63,0.9499998652933459,0.09399683738119703,10.385737930865076
63,0.9499998047132651,0.09399358062981095,10.385759022783017
63,0.555371105670929,0.3046875,14.798857638783188
63,0.8366210460662842,0.20468750596046448,11.437040717550374
63,0.9499998942686644,0.09399909331544566,10.38578309144691
63,0.9491211175918579,0.4046874940395355,11.73891574208253
63,0.892871081829071,0.10468750447034836,10.715501634660582
63,0.7663085460662842,0.3296875059604645,11.938036038373356
63,0.9499999837219439,0.09399389297996737,10.385755368662307
63,0.6678711175918579,0.504687488079071,13.084204545587216
64,0.58349609375,0.15468750894069672,13.964102605806172
64,0.695996105670929,0.754687488079071,12.714515384815057
64,0.5272461175918579,0.4546875059604645,15.335951619868842
64,0.9499999771158655,0.09399663371887328,10.385734089467395
64,0.9209960699081421,0.35468751192092896,11.666989478205183
64,0.611621081829071,0.604687511920929,13.874038231698893
64,0.9499999500516125,0.0939965649479729,10.385734779868242
64,0.9499999136140477,0.09399490720189746,10.38574794446219
64,0.9499998719856424,0.09399470236467745,10.385749824251167
64,0.9499997237363575,0.0939968159554661,10.385737211061553
64,0.752246081829071,0.0546875,12.467688495878193
64,0.6397460699081421,0.25468751788139343,13.43742901581675
64,0.8084961175918579,0.5546875,11.665129336230496
64,0.86474609375,0.6546875238418579,11.776669118489954
64,0.9499986188711238,0.09399662771773465,10.385743366788748
65,0.9499998718230307,0.09399618826222478,10.385738248141534
65,0.9499999725904,0.09399695348854407,10.38574047301211
65,0.68896484375,0.19218750298023224,12.656962426727466
65,0.857714831829071,0.09218750149011612,11.103765302086071
65,0.6327148675918579,0.4921875,13.557922080954512
65,0.9499999208204739,0.0939962669604699,10.385737300907477
65,0.9499999616200892,0.09399237983941064,10.38576730879885
65,0.520214855670929,0.29218751192092896,15.466328294288065
65,0.9499999490710275,0.09399425815462327,10.385752759696151
65,0.949999767353503,0.09399663297364885,10.385735495485942
65,0.7452148199081421,0.692187488079071,12.160731354593963
65,0.9499997895766747,0.0939962457376364,10.385738361081989
65,0.9499993043444197,0.09399406618301756,10.385758651171134
65,0.9499999810075954,0.09399695348854407,10.385740490342885
65,0.9499999616200892,0.09399247334250821,10.385766580281643
66,0.9499996397115694,0.09399259826762159,10.385767801719924
66,0.82958984375,0.44218751788139343,11.614750553975437
66,0.9499960809531602,0.09399585916237074,10.385766658526434
66,0.9499999815028486,0.09399662214364689,10.385734119799185
66,0.9499989105097651,0.09399653174054894,10.385742126192593
66,0.8014647960662842,0.3921875059604645,11.604270915027504
66,0.576464831829071,0.792187511920929,14.42697691327919
66,0.9499981731255386,0.09399660304071833,10.385746598155967
66,0.9499993818585416,0.09399072523316326,10.385784153260344
66,0.9499997432252112,0.09399646607282951,10.385736960384934
66,0.9499998106369659,0.09399663352254219,10.385735196103283
66,0.9139648675918579,0.5921875238418579,11.80523117513081
66,0.9499997229915682,0.09399074365228333,10.385781683897005
66,0.6045898199081421,0.04218750074505806,15.363986622180132
66,0.9499997520644464,0.09399659940145069,10.38573586130157
67,0.54833984375,0.542187511920929,14.942347647320346
67,0.9499999828493666,0.09399668336879505,10.38573509387763
67,0.9499999771819277,0.09399671263919927,10.385735667384884
67,0.9499999470704155,0.09399671267165559,10.385735606035992
67,0.9499999878993927,0.09399606039948574,10.385738452964235
67,0.9499999850478963,0.0939966543623024,10.385734518504032
67,0.9420897960662842,0.2421875,11.615400987171256
67,0.7733398675918579,0.14218750596046448,11.487008842075317
67,0.9499999799264671,0.09399597868901595,10.385739143962686
67,0.660839855670929,0.3421874940395355,13.162680283883295
67,0.717089831829071,0.6421875357627869,12.473984502238338
67,0.9499999568416186,0.0939959464304549,10.385739552694318
67,0.8858398199081421,0.7421875,11.837447539973752
67,0.9499999826662218,0.09399597773682608,10.385739132701763
67,0.9499999763284716,0.09399661734979209,10.385734192428819
68,0.949999231845539,0.09399662911891937,10.385739176609901
68,0.9499993431846303,0.09399662911891937,10.385738417500173
68,0.9499999485957834,4.3194192803844026e-07,11.59411864425853
68,0.9499998136051203,0.09399662911891937,10.385735210176902
68,0.9499999403188294,4.361876266355952e-07,11.594118632967286
68,0.9499990629376038,4.3619605025582896e-07,11.594126402473728
68,0.9499998271641908,0.09399662911891937,10.385735117731342
68,0.9499997449116037,0.09399662911891937,10.385735678528672
68,0.9499995133321693,0.09399662911891937,10.38573725743527
68,0.9499993429212105,4.391992237138001e-07,11.594123863236744
68,0.9499996204142901,4.308205806490468e-07,11.594121572817903
68,0.9499996104324746,4.317852702468108e-07,11.59412164199256
68,0.9499999190847018,4.362307940821942e-07,11.594118820146672
68,0.9499999699951576,4.3888643166239253e-07,11.594118316399173
68,0.9499998113459519,0.09399662911891937,10.385735225579761
69,0.9499999064754436,0.09399662911891937,10.38573457698801
69,0.9499999531703365,0.09399662911891937,10.385734258622673
69,0.8717772960662842,0.31718751788139343,11.579905734700237
69,0.646777331829071,0.7171875238418579,13.354383600920851
69,0.9499994311896574,0.09399555238183956,10.38574620677825
69,0.9499999872736979,0.09399561319397373,10.385741941587256
69,0.9499998179399599,0.09399663939782157,10.38573510053493
69,0.9499999137447013,0.0939966907219222,10.385735098599245
69,0.9499998799595673,0.09399663168537616,10.385734737776616
69,0.75927734375,0.5171875357627869,12.02435929147059
69,0.7030273675918579,0.21718750894069672,12.58759728295449
69,0.5342773199081421,0.1171875,15.909266302874595
69,0.9499999134268858,0.09399552622091686,10.385743122716216
69,0.9499997089922504,0.0939966392478904,10.385735844507222
69,0.9499997950049037,0.09399663228228876,10.385735312345842
