iters,res,f,objs
0,0.71500003,0.4,10.496914525722186
0,0.8225,0.2,9.989626816674772
0,0.6075,0.6,11.704011091691571
0,0.66125,0.3,11.046787216838979
0,0.87625,0.7,9.907150134098487
0,0.76875,0.1,9.638670325845554
0,0.55375,0.5,12.458631384665468
0,0.580625,0.25,12.039588557235392
0,0.795625,0.65000004,10.153904788440519
0,0.90312505,0.05,9.301765195686519
0,0.688125,0.45000002,10.764998596881885
0,0.634375,0.15,10.948101025649775
0,0.849375,0.55,9.98706355676681
0,0.741875,0.35,10.34656206010827
0,0.526875,0.75,13.10722674057962
1,0.9133297869007077,1.2784313363782824e-08,11.719407787927798
1,0.9174866087018977,1.312796100380617e-08,11.681126691775784
1,0.8993355487343122,9.465789039532785e-07,11.850658468006241
1,0.8628125190734863,0.17499999701976776,9.750355009648183
1,0.9294435383747688,3.725658123598669e-06,11.572521685498426
1,0.90002938263117,1.0344023669760836e-06,11.844050088277223
1,0.9293425843906742,1.0955924960312007e-06,11.573636784911857
1,0.9276215166670984,6.458082637600668e-06,11.588633769998768
1,0.5403125286102295,0.375,12.714441039307545
1,0.918159948796806,2.0798858289127094e-06,11.67478948890407
1,0.927222610507941,9.31897792654057e-09,11.592737248544154
1,0.9133309888898515,2.385991813459071e-05,11.717465193669286
1,0.9145515384156224,3.407090336449126e-06,11.70784751917858
1,0.9148943862575301,3.407090336449126e-06,11.704685741942484
1,0.7553125023841858,0.7750000357627869,10.294827513957557
2,0.9286253318278306,0.07513509084059644,9.176787871059545
2,0.9299722144826906,0.0689911954989213,9.111416617906885
2,0.8927738754680093,0.052200787625869355,9.323273636901304
2,0.9290250643932828,0.026650103993249092,9.946029912148887
2,0.9299746602205042,0.08393463040528996,9.200339466759033
2,0.9297949809093761,0.06940103464708255,9.115986713130878
2,0.9290869696717604,0.020382482968119908,10.272799559028533
2,0.902018415391863,0.050873855872128955,9.28872500850697
2,0.9279267596947823,0.06872642425168998,9.113284216239379
2,0.9222765473666992,0.07069661675219432,9.146470267665379
2,0.9299191165725188,0.08083180001233337,9.209807473948988
2,0.9297586702832528,0.07855812236279708,9.203695207975615
2,0.9294218887056996,0.07695584122239602,9.192108517938019
2,0.9134723581131976,0.018639362862840216,10.493372880442935
2,0.9292657393012632,0.018850335520143615,10.352095103617572
3,0.9295095577010707,0.061612984984897826,9.036330284787295
3,0.9299752479331527,0.06882522808051701,9.109667040500618
3,0.9287785656037238,0.0631720560499397,9.054069690343148
3,0.9287635049880797,0.06752039037510144,9.098972865142558
3,0.9298972208193851,0.0626264350568242,9.045937437644612
3,0.9299005539838378,0.06962369977307857,9.11807215483525
3,0.9165624976158142,0.4749999940395355,9.989806237652166
3,0.6478124856948853,0.574999988079071,11.211298479422794
3,0.9282732542325068,0.06647033642407438,9.089242081352703
3,0.9294552217560954,0.061612984984897826,9.03645132755949
3,0.7015625238418579,0.07500000298023224,10.480254678180659
3,0.9299986272720121,0.06075685120343733,9.026449018710027
3,0.9299897645450573,0.06075685120343733,9.026468655464527
3,0.9294756061095375,0.0582097338882567,9.001343223316209
3,0.9299850969389852,0.06330272469345062,9.052756063895739
4,0.9299986468420034,0.05762860209126863,8.994214500884326
4,0.9299877279019361,0.05547323272825553,8.986856134770639
4,0.9299601675679411,0.05821014498841677,9.000277328062966
4,0.9299920839888696,0.05813544552642931,8.99944731510618
4,0.9299901074710963,0.05566656220606726,8.9824061704763
4,0.9298684608796622,0.055669126756174886,8.983144099524074
4,0.5940625071525574,0.675000011920929,11.877795228955197
4,0.9299985050945495,0.058203905077458325,9.000129275397017
4,0.9297929827273567,0.05579458941658162,8.980723526558085
4,0.92963388061657,0.055537755119429974,8.98767266977566
4,0.9299819064623617,0.054817978284738694,9.002100005905843
4,0.9299545256342552,0.058092393709909214,8.999092878877406
4,0.929953259173068,0.05820060192174281,9.000195521749287
4,0.8090624809265137,0.2750000059604645,10.094555177641118
4,0.9299150534113136,0.058262453509765444,9.00090891823003
5,0.9300000037380225,0.05563680129734491,8.983032848536629
5,0.6209375262260437,0.22500000894069672,11.471139828057398
5,0.9299994036769963,0.0556432149751164,8.98288774753456
5,0.9299810673811781,0.05608947945540424,8.97842055513327
5,0.9299482993562839,0.05567838304519038,8.982405559486951
5,0.7821874618530273,0.5250000357627869,10.205432510847572
5,0.9299967940629659,0.05568137600590106,8.982018118102099
5,0.9299681405448302,0.05642759130778182,8.981953911359616
5,0.9299386370230744,0.055751145110114135,8.980778157159653
5,0.8896875381469727,0.32500001788139343,9.862320257952874
5,0.9299999378654173,0.05563680129734491,8.983033280355437
5,0.9299702787119969,0.055806691591739864,8.979280117247722
5,0.9295225782588541,0.055778183884861735,8.982878299050471
5,0.567187488079071,0.125,11.964446256227985
5,0.6746875047683716,0.7250000238418579,10.9048624809823
6,0.5003502236204769,4.252340043891021e-06,20.222466504418634
6,0.9299998787145924,0.055820516286360054,8.978763450717976
6,0.5000713142108498,6.012661270996517e-06,20.235738004131765
6,0.7284374833106995,0.02500000037252903,12.03405988825491
6,0.9299997995217079,0.055713027005762306,8.98126297081423
6,0.9299889230687746,0.05614276909138606,8.979011564515408
6,0.8359375,0.625,10.024859893561908
6,0.5017803038572582,4.2543925884049115e-06,20.15404580899706
6,0.5004107406512344,3.5311506056804678e-06,20.21960712942979
6,0.9299958271315151,0.056089479476213455,8.978388092653535
6,0.9299909894018581,0.056089479476213455,8.978398732625617
6,0.9299914342435144,0.056216325897333934,8.979756859894568
6,0.5001917623446417,4.825699835377639e-06,20.230029605038006
6,0.5001917623446417,4.869064246392648e-06,20.23002716490706
6,0.5014432318961355,5.657107682598438e-06,20.17007326080707
7,0.9298766845305317,0.05620859529716941,8.97993006857271
7,0.9299994771916095,0.0560895156784446,8.978380430648164
7,0.9299555832850233,0.05621112031105321,8.979782478225783
7,0.9299767546099751,0.05620600058576535,8.979683695523025
7,0.9299965209331157,0.055909684112640516,8.976702650155643
7,0.9299980410425275,0.05621498514219807,8.979728657398017
7,0.735156238079071,0.612500011920929,10.381215534396082
7,0.9299986138387858,0.05610510160385489,8.97853979226645
7,0.5134375095367432,0.42500001192092896,13.527771513283893
7,0.9299965209331157,0.056076703918862665,8.978257505398775
7,0.9299992999734276,0.056105864442261746,8.978545990363903
7,0.9299974637121976,0.0562019014870799,8.979596352268633
7,0.9299964258714077,0.055922797967368015,8.97670358082027
7,0.5201562643051147,0.21250000596046448,13.173405452241116
7,0.9299940273983311,0.05610798698238565,8.978579031624133
8,0.9299954639235859,0.055897511600844524,8.976993723521417
8,0.8964062929153442,0.512499988079071,9.890762011152578
8,0.9299930750766174,0.0558962685915771,8.97703839939123
8,0.8426562547683716,0.012500000186264515,11.5648564907322
8,0.9299999881945856,0.055895771529205385,8.977004684383296
8,0.9299751390234926,0.05590968798196653,8.976842726100692
8,0.6814062595367432,0.11250000447034836,10.243703892564964
8,0.9299998882383255,0.05622470629504875,8.979823847554488
8,0.6276562213897705,0.4124999940395355,11.444939928478506
8,0.9299852000159176,0.0561125835238364,8.978644888352077
8,0.9299708153269542,0.05591448950367057,8.97675898767018
8,0.9299876647759535,0.05623132359246667,8.97991826232408
8,0.9299842636670076,0.05596867885830892,8.977193484082173
8,0.9299952514025939,0.055931056401490396,8.976789528206274
8,0.9299998528993998,0.055974154074121485,8.97721448448968
9,0.9299871084584078,0.056077603526039146,8.978287294504346
9,0.9299998901588138,0.04062081081484986,9.341557993502436
9,0.9299947540313666,0.04063450357623841,9.341195402552477
9,0.9299985432783975,0.04068563719975656,9.340089187005406
9,0.9299965500831604,0.040448767085177355,9.346010181330671
9,0.9299974255094074,0.04059302171536448,9.342381448214294
9,0.9299998607523671,0.04045448875604397,9.345819581679676
9,0.9299998948631996,0.055909773070211805,8.976678456925145
9,0.9299998964402556,0.040471739930453283,9.34531483033723
9,0.9299972804212943,0.05590490061907366,8.976809332544622
9,0.929998772125804,0.05599396308317994,8.977416880638769
9,0.9299996229523981,0.055892989632336965,8.977072017528085
9,0.9299825266388422,0.05599396308317994,8.977452606668814
9,0.9299987653429581,0.05590617556610865,8.976769837415539
9,0.9299993085181291,0.04044167687069066,9.346197809429913
10,0.9299928207953403,0.10489380013592361,9.234175992764577
10,0.600781261920929,0.0625,12.539846433171146
10,0.9299997750798489,0.10318716655181415,9.2226073228178
10,0.9299997776665568,0.05593868798361521,8.976856606425976
10,0.9299928272634875,0.055936882178790136,8.976853660184874
10,0.9299764849639284,0.10414010658150404,9.22894593089624
10,0.9299998879432678,0.1042763753086228,9.230012725191534
10,0.9300000052056675,0.05596832642498874,8.977155309130215
10,0.929898777317801,0.10314388778474097,9.221712663175975
10,0.9299986355626518,0.055967851761562576,8.97715352849123
10,0.9299751441818004,0.10480290361908243,9.233451294479508
10,0.9298749996736475,0.10383028929154696,9.226234487534713
10,0.5739062428474426,0.7125000357627869,12.15634082268612
10,0.7889062166213989,0.3125,10.167572554370162
10,0.9299979120832265,0.05593868798361521,8.976860708719363
11,0.9299998469765717,0.05590967616089143,8.976681032970223
11,0.9299999473027416,0.05591245700180837,8.976615462653255
11,0.8695312738418579,0.762499988079071,9.923758622793226
11,0.9300000025170871,0.05591795798969472,8.976646860579796
11,0.8157812356948853,0.4625000059604645,10.093531083174005
11,0.9232812523841858,0.26250001788139343,9.888937694471137
11,0.9299999521216621,0.05591613905475327,8.976628611048636
11,0.7082812786102295,0.6625000238418579,10.564813791439986
11,0.9299996307540683,0.05590964656898288,8.976683141101782
11,0.7620312571525574,0.16250000894069672,9.954472947547016
11,0.929999955396161,0.0559167145029835,8.976634412410053
11,0.9300000058099674,0.055910003602458895,8.976672348371645
11,0.9300000020693644,0.05591795798969472,8.976646861564117
11,0.6545312404632568,0.36250001192092896,11.126831245240535
11,0.9300000070537108,0.056011027271597964,8.977586484183828
12,0.9299989569384358,0.05591845950476504,8.976654222003203
12,0.929998452735965,0.055926144865142094,8.976732908799615
12,0.5335937738418579,0.1875,12.719851187438206
12,0.9299996133286503,0.05591245653198465,8.976617662859056
12,0.7485937476158142,0.5875000357627869,10.328530740655522
12,0.9299920432832053,0.05591617403464562,8.976646354823794
12,0.929998374084217,0.05592526538834331,8.976724203921737
12,0.9299998139130919,0.05591965532849314,8.976664408395598
12,0.929999960819663,0.05591171672763526,8.976632654108565
12,0.6410937309265137,0.7875000238418579,11.278497288324848
12,0.9299998551152575,0.05592387283118623,8.976706890287637
12,0.929999973103651,0.055912054364232404,8.976624692205357
12,0.5470312237739563,0.5625,12.569142436713246
12,0.9299997544883309,0.05591188181734562,8.976630152980665
12,0.8560937643051147,0.38750001788139343,9.958305645042687
13,0.9299999224185278,0.05593281398906494,8.976796999402504
13,0.8023437261581421,0.08749999850988388,9.583529270794727
13,0.9299988938630678,0.055916071156877176,8.976630252662659
13,0.9299999468901647,0.05591477247802149,8.976614828422893
13,0.9300000004122135,0.055910739707773,8.97665520096571
13,0.9300000001436057,0.055911967369665964,8.976626545650841
13,0.9299997958998267,0.05591223630312859,8.976621606836924
13,0.9299998787214189,0.055912488329264945,8.976615180941705
13,0.5604687333106995,0.3375000059604645,12.355182200388493
13,0.9098437428474426,0.6875,10.06395261370362
13,0.9300000056192286,0.05592955647568822,8.976763932812487
13,0.9300000009327566,0.05592853285193029,8.976753610044616
13,0.6948437690734863,0.2874999940395355,10.688261796735826
13,0.9299999974449319,0.055912214504247305,8.976620794531701
13,0.5873437523841858,0.48750001192092896,11.969257980631257
14,0.5000734209159428,0.013281331586697975,19.3187687630637
14,0.9300000058816221,0.05591477081179619,8.97661468188998
14,0.7817634645619481,0.03895725011760521,10.683062626857035
14,0.8210491440580627,0.03851858124173379,10.310563448818375
14,0.7976137116046319,0.0389576090923094,10.520979622726674
14,0.8138060328244006,0.03852880046686798,10.379479823487966
14,0.9300000070733576,0.05591477081179619,8.976614679269508
14,0.7955657652802773,0.038664376614673,10.55386065551686
14,0.8152082208460103,0.038484331045762814,10.367807352603648
14,0.8031686747149951,0.038764553570578064,10.473681848790019
14,0.7986603920830683,0.038533043764082266,10.528272872190843
14,0.9300000070770227,0.05591477081179619,8.976614679261695
14,0.8061899658027668,0.038546452916541886,10.452969445595956
14,0.8813247606340758,0.09466061690437012,9.274501501936077
14,0.8065551823314933,0.038546452916541886,10.449378980976434
15,0.8715902121064522,0.06399614945062439,9.202187899257309
15,0.9299999722748054,0.05593831454279621,8.976852408557404
15,0.8894311394348167,0.06309985366935335,9.146623655956391
15,0.8765575010234655,0.06401328925410962,9.189289349073212
15,0.8792366609659971,0.0640442080776464,9.182616880406504
15,0.9300000071249347,0.050193527597148006,9.11306553472744
15,0.8999916282859363,0.06089279245094724,9.097383555115288
15,0.9300000071249347,0.05010689370203617,9.115239639459821
15,0.8889645922813584,0.06309985366935335,9.147799056781977
15,0.8942626204631244,0.06200420766880759,9.123062978475975
15,0.875393310810449,0.06399081033521888,9.192111413030192
15,0.8839691219873728,0.06356151159030875,9.165304873223928
15,0.8964335064599199,0.0613644795446085,9.111015724640973
15,0.8877594323076294,0.06292426475195771,9.148958130620125
15,0.8847995750055315,0.06306892182088529,9.157984580545177
16,0.9188286282589908,0.0570897732660971,9.02335334162889
16,0.9200787647128077,0.05714448989731308,9.013694056134195
16,0.9215426555807162,0.05711377174563429,9.007791122702173
16,0.9205812107613175,0.057072124268523185,9.012025668737552
16,0.9183617916931067,0.05737511729770406,9.019800541608443
16,0.9207907592009599,0.05694750831853833,9.013528144126653
16,0.9299972916425521,0.0559138069353896,8.97661092090099
16,0.9191959952094977,0.05717705639168335,9.018846262892039
16,0.9196289328011733,0.057177408972289574,9.015935171423148
16,0.9207907592009599,0.05717793394971805,9.010145054711044
16,0.9196764179832764,0.057176221798122984,9.015644807730334
16,0.9217930433976443,0.05699480148403255,9.00600545697158
16,0.9235291900691339,0.05697319095137684,9.001876871311628
16,0.921714492283182,0.05705526721498198,9.006807031761415
16,0.9197583779485612,0.05717776846876385,9.015059397142878
17,0.9299975007517258,0.055904867592012304,8.976808659175905
17,0.9299952989633234,0.05591348493110604,8.976621938447048
17,0.9299979722081135,0.008598384056878516,11.000793577245656
17,0.9299999474187576,0.055913806485074394,8.976605076651497
17,0.929999925053295,0.05591378982420025,8.976604957657838
17,0.9299993331035313,0.008599382786372869,11.000716966959043
17,0.9299999322909774,0.05591378974645256,8.976604940958582
17,0.9299999641664323,0.05591380596160889,8.976605034541864
17,0.9299983819774451,0.00859262000104747,11.001164619505683
17,0.9299999752701655,0.05591339268843485,8.97660083861402
17,0.9300000044790608,0.008484155415197484,11.008198930130973
17,0.9299876782440362,0.05591366378392357,8.976667719075028
17,0.929999984260692,0.05591343133248257,8.976601208911562
17,0.9299978695600752,0.05590465652197558,8.976811168565307
17,0.9299851058834127,0.05590509917695153,8.976884505881662
18,0.9299999960678804,0.05591339245438576,8.976600790520322
18,0.9300000038233166,0.05591339245438576,8.976600773467307
18,0.8833904151195028,0.07731429970923082,9.309432300975155
18,0.8818246747162825,0.07731429970923082,9.313590326361751
18,0.9300000067946713,0.05591339245438576,8.97660076693379
18,0.8815874951531711,0.07752959516378749,9.316220571751808
18,0.8816526178797612,0.07752920811727304,9.316043211934439
18,0.8818239716653907,0.07721929109791276,9.31263433609672
18,0.7754687666893005,0.737500011920929,10.221402331319036
18,0.9300000046898913,0.05591339245438576,8.976600771561673
18,0.8807008247165751,0.07688758366075311,9.312490815762459
18,0.9300000050245436,0.05591339245438576,8.976600770825819
18,0.9299998789324917,0.05591339245438576,8.97660104808455
18,0.9299998424877399,0.05591339245438576,8.976601128221507
18,0.8818796691058945,0.07721857695546279,9.312479230240623
19,0.9299972566963001,0.0334949744603064,9.600398487277493
19,0.9299998431311962,0.05591349610814897,8.976602173070185
19,0.9299999514069898,0.03355291748918592,9.597828151071138
19,0.9299999336012201,0.03349257363382852,9.600484112582967
19,0.9299972566963001,0.03354428500769831,9.598227854706595
19,0.9299996280930187,0.03357476328006554,9.596871402824599
19,0.9299999520593045,0.03357095832039283,9.597035936208774
19,0.9299991531764872,0.05591339245438576,8.976602643921883
19,0.9299999375107588,0.03354733496107896,9.59807356342128
19,0.9299988584543978,0.055911546108714356,8.976643862983336
19,0.929999989415975,0.05591169692915847,8.976632928808039
19,0.9299992800582089,0.03357095832039283,9.597041007834415
19,0.9299999901630147,0.03357349263011757,9.596924427957864
19,0.9299999888498998,0.03354626034408274,9.598120405778442
19,0.9299999969313457,0.03354890941574405,9.598003922194355
20,0.929999619785652,0.055919220131098235,8.97666044232013
20,0.9299998594751495,0.05591298908610097,8.976603618054924
20,0.8687502597786106,0.11137541461999594,9.332321870222772
20,0.9299999948804715,0.055913376777846364,8.976600634895286
20,0.867714328897634,0.11137541461999594,9.335021591244935
20,0.8690822803276468,0.11142152227727113,9.331735616920115
20,0.869037078127171,0.1116712430189675,9.333353482481645
20,0.9299999179963149,0.0559192443042833,8.976660030598671
20,0.9300000035551066,0.055913037752310865,8.976601537591877
20,0.9299999888628165,0.05591366749337085,8.976603582561522
20,0.8692556898262122,0.11131413751008344,9.330640109922749
20,0.9299999400457281,0.05591398496444684,8.976606894408192
20,0.9300000070929535,0.055913330819639624,8.976600144147472
20,0.9299980743381374,0.05591269276917698,8.976622236706293
20,0.9299998564988265,0.05591960518192659,8.97666380856836
21,0.9299999936118761,0.13961131551653147,9.477759584739852
21,0.9300000061380983,0.1383530909555037,9.468714147225208
21,0.9300000032585276,0.13908833255491446,9.47399744916269
21,0.9299999659958468,0.13866113259066362,9.4709266081783
21,0.9300000040725537,0.13930657872378374,9.475567039926602
21,0.9299999858937941,0.138566796464116,9.470248973636624
21,0.9300000070907746,0.055913329124450684,8.976600127041362
21,0.9300000021525288,0.13908833255491446,9.473997442369736
21,0.9299999535212515,0.13829053035193095,9.46826458826798
21,0.9299991432682816,0.13875002258854277,9.471560287883747
21,0.9299998322848974,0.055913329124450684,8.976600511414885
21,0.9299999221262901,0.13921838332495043,9.474932179753168
21,0.9299991709310046,0.13717545859830343,9.460287403747028
21,0.9300000070913395,0.13908833255491446,9.473997472704452
21,0.929999918948193,0.13883518028687816,9.472177056218127
22,0.9299995512925341,0.055917610840156104,8.97664434862163
22,0.8292187452316284,0.4375,10.040374296791367
22,0.66796875,0.5375000238418579,10.986805140181195
22,0.9300000065169987,0.055913492365684894,8.976601776031774
22,0.929999964553896,0.055913240901246795,8.976599330064719
22,0.5067187547683716,0.637499988079071,13.74345314677297
22,0.9299999319452971,0.05591676948202859,8.976635018933273
22,0.9300000001866109,0.05591676191089474,8.976634792456563
22,0.930000004679126,0.0559172184080797,8.976639390463085
22,0.7217187881469727,0.23749999701976776,10.41007812070083
22,0.930000004679126,0.05591715122537568,8.976638712319984
22,0.8829687833786011,0.13750000298023224,9.459152017055453
22,0.6142187714576721,0.03750000149011612,13.39849008028476
22,0.9299997504855321,0.055916951442667756,8.976637254650003
22,0.5100781321525574,0.3187499940395355,13.630456896095378
23,0.9300000069393394,0.05591323964752544,8.976599224210231
23,0.9299999993283661,0.05592448152980482,8.976712717602135
23,0.9299999718678882,0.055913579599825285,8.976602732747562
23,0.9300000059624041,0.05591323971748352,8.976599227064211
23,0.8325781226158142,0.11874999850988388,9.475546433697206
23,0.7788281440734863,0.21875,10.171651350737354
23,0.8057031631469727,0.5687500238418579,10.122865425017894
23,0.9299999893605435,0.05591479327730997,8.976614944982163
23,0.5907031297683716,0.16875000298023224,11.59033370227407
23,0.5638281106948853,0.6187500357627869,12.3087614444236
23,0.9300000071100167,0.05591324066448113,8.976599234099604
23,0.7250781059265137,0.71875,10.418247379540569
23,0.6713281273841858,0.01875000074505806,13.322308444318807
23,0.8863281011581421,0.41875001788139343,9.876040033167168
23,0.6175781488418579,0.518750011920929,11.579467266157257
24,0.9299996559713045,0.04573989718562777,9.21774839502945
24,0.929999940892264,0.055913323664461334,8.97660021749021
24,0.9299999932964319,0.04573435700456107,9.21789112373564
24,0.930000003630584,0.045734333851081665,9.217891659637592
24,0.9299998792501586,0.04573989718562777,9.217746878116198
24,0.929999831110693,0.045830012827870886,9.215709740403813
24,0.930000003630584,0.04573435036555783,9.2178912273208
24,0.9299999483197887,0.05591318650791101,8.976598816724605
24,0.9299999564360645,0.05591200626755766,8.976625924173527
24,0.9300000040348249,0.04573557372531488,9.21785919994615
24,0.9300000041112261,0.04583779717399477,9.21550534145521
24,0.9299999925732058,0.04573989718562777,9.217746108221588
24,0.9299999648939206,0.04573989718562777,9.217746296269096
24,0.9299999934481071,0.04573950317235251,9.21775641531856
24,0.929993690044049,0.055927867250464225,8.976760768220059
25,0.8728905916213989,0.29375001788139343,9.904525017627503
25,0.6982031464576721,0.768750011920929,10.659450376655002
25,0.7653906345367432,0.4937500059604645,10.268006781609305
25,0.7116405963897705,0.39375001192092896,10.529120456231292
25,0.6578906178474426,0.6937500238418579,11.09040345177984
25,0.751953125,0.06875000149011612,10.107584900406865
25,0.9299999987872153,0.05591318756341934,8.976598716408043
25,0.9299997628294715,0.05591278762140656,8.976608954319863
25,0.9299999310855624,0.055917685427624715,8.976644266394514
25,0.8594531416893005,0.668749988079071,9.954494028293011
25,0.5503906011581421,0.09375,12.829244803632424
25,0.9132031202316284,0.3687500059604645,9.898985499758174
25,0.5369531512260437,0.46875,12.812691781613427
25,0.6444531083106995,0.26875001192092896,11.232330570187658
25,0.9299999774300373,0.05591318756341934,8.976598763369314
26,0.929999495552454,0.05591639113709533,8.976632159495798
26,0.9299997863944938,0.05591641045352915,8.97663171495169
26,0.9299999726282406,0.09250225133552963,9.152516489807795
26,0.9299999567758962,0.0925629671506222,9.152183408202452
26,0.9299995753949206,0.05591527809159563,8.9766207489077
26,0.9299999966825975,0.0925629671506222,9.152183305943396
26,0.9299992814423531,0.0925615638425628,9.152192847901977
26,0.9299999957075166,0.09250022640632843,9.152527525541014
26,0.9299999929329954,0.09250761602707003,9.15248703916553
26,0.929999828476771,0.09250225133552963,9.152516859171262
26,0.9299999230536098,0.09250761602707003,9.152487218220381
26,0.9299999935494672,0.05591639635901839,8.976631117175987
26,0.9299994078522963,0.09251017569922328,9.152474508877747
26,0.9299999377815787,0.0925629671506222,9.152183456874704
26,0.9299999489999737,0.055916383184258824,8.97663108214851
27,0.929999977140152,0.05591511781630949,8.976618247718651
27,0.9299999691131164,0.05591666635697998,8.976633896262863
27,0.9299996853408607,0.05591563310850071,8.976624090667274
27,0.9299999996445505,0.055913250983238946,8.976599354670995
27,0.9299998042707253,0.055913421102734395,8.97660150142673
27,0.9299989413780844,0.055915196126281395,8.97662131567635
27,0.5772656202316284,0.24375000596046448,12.080352988374926
27,0.7922656536102295,0.643750011920929,10.165651757868007
27,0.9300000057181439,0.05591511902629004,8.976618197093291
27,0.9299998375064751,0.0559151588785136,8.97661896923273
27,0.9299989490371097,0.055915029335921365,8.976619615267094
27,0.9300000071027481,0.0559153233760002,8.976620256737759
27,0.9266406297683716,0.793749988079071,10.212517029418006
27,0.6041406393051147,0.59375,11.748212744876003
27,0.8191406726837158,0.19375000894069672,9.971335987310722
28,0.5000356469376018,0.005582190863003502,19.919715629845793
28,0.5001409314005669,0.005593855230784738,19.913980738643314
28,0.9299999096421286,0.05591385260135938,8.97660562520782
28,0.8460156321525574,0.543749988079071,9.997154293620312
28,0.5001934483762966,0.005596433291804949,19.911307728329348
28,0.500023400213853,0.005593186634948552,19.919669288912807
28,0.930000006086516,0.05591385248066,8.976605411921927
28,0.9299999124402502,0.05591385263440479,8.97660561938868
28,0.7385156154632568,0.34375,10.359772086387835
28,0.9299998578617784,0.055913852647382425,8.976605739530019
28,0.5001421072866074,0.005591923458161353,19.914035809200573
28,0.6310156583786011,0.14374999701976776,10.958188844029378
28,0.684765636920929,0.4437499940395355,10.79979258896235
28,0.5000054853852459,0.005593294168285531,19.9205244103078
28,0.8997656106948853,0.04374999925494194,9.475777362385617
29,0.9299999631124464,0.0559187002347978,8.976654439500688
29,0.9299998728899532,0.055912752488209594,8.976609052967055
29,0.8392968773841858,0.3062500059604645,10.002793044443044
29,0.9299997485873229,0.05591874429114013,8.976655355923196
29,0.9299998960661747,0.05591778829261115,8.97664538172098
29,0.5235156416893005,0.7437500357627869,13.21037851997349
29,0.9299997090223142,0.05591294103729379,8.976605725881113
29,0.9299994377480079,0.055912728366011015,8.976612468450973
29,0.7317968606948853,0.5062500238418579,10.399630413050364
29,0.9299998920338931,0.05591771523119523,8.97664465310228
29,0.516796886920929,0.10625000298023224,13.95198176143491
29,0.6242969036102295,0.706250011920929,11.485343369453707
29,0.9300000064227326,0.055912951797813186,8.97660352520912
29,0.9300000070748659,0.05591283761706233,8.976606186228034
29,0.9299999375295412,0.05591265387831884,8.97661093107474
30,0.9299999987928336,0.05591131172020642,8.97664185919828
30,0.929999981832128,0.055915208814842465,8.976619155933633
30,0.8930468559265137,0.606249988079071,9.920426681596734
30,0.5705468654632568,0.40625,12.20695069499652
30,0.919921875,0.15625,9.536471045254913
30,0.8124219179153442,0.7562500238418579,10.094352743653209
30,0.9299994424728055,0.055913946331191094,8.976607598544062
30,0.7855468988418579,0.0062500000931322575,12.61604113377182
30,0.9299999936687873,0.055915244062221904,8.976619485690343
30,0.9300000070714176,0.05591710733653465,8.9766382640454
30,0.9299994364578275,0.055913946331191094,8.976607611770305
30,0.7049218416213989,0.5562500357627869,10.602660431771543
30,0.5974218845367432,0.35625001788139343,11.830965110993663
30,0.6780468821525574,0.20624999701976776,10.763469462258499
30,0.9299999832974585,0.05591297751001616,8.97660307660421
31,0.9300000050095619,0.05591416101963288,8.976608528638273
31,0.9300000063130963,0.05591308005517211,8.97660053204792
31,0.7586718797683716,0.2562499940395355,10.269176021835325
31,0.5436718463897705,0.65625,12.619087761908531
31,0.9299999948952568,0.05591437484087273,8.97661070916229
31,0.651171863079071,0.05625000223517418,11.605902182074042
31,0.9299999918014984,0.05591432691587709,8.97661023221625
31,0.9299999989428399,0.05591354534258944,8.976602327426374
31,0.9300000053579028,0.05591349145360623,8.976601769374287
31,0.929998150883015,0.05591420160712771,8.976613015300824
31,0.5302343964576721,0.28125,13.001195713333043
31,0.8661718368530273,0.45625001192092896,9.941682340434273
31,0.9299996100245744,0.05591357207231836,8.976603452409005
31,0.9300000042199079,0.055922365986891764,8.976691351872613
31,0.9299999413410118,0.05591357361697751,8.97660273948207
32,0.9299998603688711,0.0559164565213832,8.976632017299815
32,0.9300000066595882,0.0559189619952576,8.976656985981291
32,0.7989844083786011,0.3812499940395355,10.136878730991054
32,0.6914843916893005,0.18125000596046448,10.494015735544533
32,0.852734386920929,0.08125000447034836,9.424482115092156
32,0.9299999625153973,0.05591853031872959,8.976652725665978
32,0.929999961409337,0.05592057501357375,8.976673367517638
32,0.9064843654632568,0.581250011920929,9.987184601978871
32,0.7452343702316284,0.6812500357627869,10.337849716306605
32,0.9300000066951748,0.05591885531086485,8.976655909019893
32,0.9299999955979319,0.05591648345546437,8.976631991821149
32,0.6377344131469727,0.48125001788139343,11.323538973921057
32,0.5571093559265137,0.03125,15.412924029139068
32,0.9300000052155569,0.055920530011467066,8.976672816933666
32,0.583984375,0.78125,12.00993059920176
33,0.9299999743035204,0.002956586410986753,11.366018991992098
33,0.9300000067926114,0.0029484581440605705,11.366542983066202
33,0.9299999857761405,0.002948578679877016,11.366535391718788
33,0.9299999986323707,0.0029493909783370534,11.366482886552268
33,0.9299999936086935,0.05591836854312146,8.976651024320386
33,0.9300000032713746,0.0029492008688144214,11.3664951081531
33,0.9299999824189342,0.002956727141492707,11.366009844070586
33,0.9300000008233062,0.055913419827477655,8.976601056363013
33,0.9300000055287628,0.0029508296537575883,11.366390031991326
33,0.9299999777578275,0.002949535070972942,11.366473774545979
33,0.9299999884116672,0.002956727141492707,11.366009791837135
33,0.9300000046135465,0.05591325022582638,8.976599336099893
33,0.9299998811624425,0.05591318860318657,8.976598985543436
33,0.9299999925153255,0.0029492008688144214,11.366495201906115
33,0.9299999427947669,0.0029525827164929973,11.366277506150075
34,0.9300000064050319,0.05591359112476438,8.97660277313594
34,0.9299999666335553,0.0559135888946719,8.97660283807783
34,0.9300000060214673,0.055913187963894086,8.976598704543282
34,0.9299999773111264,0.05591410480452842,8.976608022115732
34,0.8258593678474426,0.731249988079071,10.052493159814206
34,0.8796093463897705,0.23125000298023224,9.872311871213622
34,0.5033593773841858,0.53125,13.849336623374327
34,0.7183593511581421,0.13125000894069672,9.964276009031297
34,0.6108593940734863,0.33125001192092896,11.653252914360747
34,0.6646093726158142,0.6312500238418579,11.018895272849022
34,0.8275390863418579,0.06562500447034836,9.499433244649378
34,0.5050390362739563,0.265625,13.77819206026786
34,0.7721093893051147,0.4312500059604645,10.233237494773045
34,0.9300000065226613,0.05591388305196058,8.976605719545148
34,0.7200390696525574,0.6656250357627869,10.4519070812305
35,0.930000006291716,0.05591298501039744,8.976602750794614
35,0.929999975217452,0.05591634312356345,8.97663062012804
35,0.9299999910972753,0.05591291782749037,8.976604418629998
35,0.929999937438655,0.05591318624177377,8.976598837964355
35,0.9299999866912843,0.05591291782749037,8.976604447511935
35,0.8812890648841858,0.565625011920929,9.89717793581865
35,0.9299997807897823,0.05591653674971219,8.976633002107064
35,0.9300000014363733,0.0559139532012594,8.976606438805728
35,0.6125390529632568,0.46562501788139343,11.634574613950809
35,0.9299989360742061,0.055913187376945644,8.976605042397507
35,0.6662890911102295,0.16562500596046448,10.666373917136422
35,0.9299999632851658,0.05591320974159682,8.97659901833462
35,0.9299999604675019,0.05591318624177377,8.97659878732704
35,0.9299999780788588,0.05591291782749037,8.9766045039672
35,0.9300000043230278,0.055913266289752926,8.976599498885014
36,0.9300000046849396,0.05591115864350129,8.976645393815739
36,0.9299996538095303,0.0559132472344535,8.976600077274039
36,0.8006640672683716,0.4156250059604645,10.132352377802226
36,0.9299992415253057,0.05591294967129908,8.976608588835774
36,0.9299994495937495,0.055912932538687656,8.976607624845553
36,0.693164050579071,0.6156250238418579,10.717495949808503
36,0.9081640839576721,0.21562500298023224,9.790275020991887
36,0.9299999988609879,0.05591319769458317,8.976598818507828
36,0.6394140720367432,0.31562501192092896,11.299258403623442
36,0.558789074420929,0.765625,12.377069323989577
36,0.7737890481948853,0.3656249940395355,10.225051412103218
36,0.9300000031624664,0.05591353894832199,8.976602253605261
36,0.9299998866705301,0.05591318756341934,8.976598962936835
36,0.9299998535696908,0.055913356294460995,8.976600738861782
36,0.5856640338897705,0.015625,15.844761607696201
37,0.929999875931624,0.05591428509625864,8.97661006487615
37,0.6528515815734863,0.7406250238418579,11.144926548311785
37,0.9300000016407437,0.05591313232200174,8.976599342624121
37,0.8544141054153442,0.715624988079071,9.967519765216428
37,0.9300000018464654,0.05591325961812783,8.976599436988453
37,0.5319140553474426,0.515625,12.96061223683949
37,0.7469140887260437,0.11562500149011612,9.74755310664554
37,0.929999958709241,0.055921487947496976,8.976682588797019
37,0.9299999957498915,0.05591325393683364,8.976599393047941
37,0.929999789841411,0.055914350134324185,8.976610910662282
37,0.8678515553474426,0.34062501788139343,9.92246115861015
37,0.9300000071525574,0.05591318756341934,8.976598698014033
37,0.9299998878399581,0.055910896043205746,8.976652289580974
37,0.7603515386581421,0.5406250357627869,10.285125592308237
37,0.5453515648841858,0.140625,12.479836300817373
38,0.9299994187448924,0.055918712745622996,8.976655762782258
38,0.9216015338897705,0.640625,10.10794282405966
38,0.5722265839576721,0.390625,12.182421415725955
38,0.9299999687888261,0.0559139604855605,8.976606584119795
38,0.8141015768051147,0.04062500223517418,10.291457960229367
38,0.9299989236498287,0.055919312991164476,8.976662910379131
38,0.7066015601158142,0.24062500894069672,10.556682778455151
38,0.9299989236498287,0.055919828246671216,8.976668111438057
38,0.5991015434265137,0.44062501192092896,11.810034212264979
38,0.9300000034379639,0.055918811401612915,8.976655472958022
38,0.929999817526768,0.055919835112385866,8.97666621521324
38,0.7872265577316284,0.7906250357627869,10.177737988404846
38,0.894726574420929,0.19062499701976776,9.771461020567596
38,0.9299999464464047,0.05591984206043272,8.976666001869892
38,0.9299999410410486,0.055918425859953554,8.976651718470526
39,0.930000007134441,0.05591319294217916,8.976598752345867
39,0.9300000063452666,0.05591297212696634,8.976603051178474
39,0.8409765958786011,0.4906249940395355,10.013890341175147
39,0.9299997572026091,0.05591314203933604,8.976600718112596
39,0.9299999759753914,0.05591183599104429,8.976629770819812
39,0.7334765791893005,0.2906250059604645,10.375761666016848
39,0.5184765458106995,0.690625011920929,13.36861284174058
39,0.8476953506469727,0.25312501192092896,9.969436822662137
39,0.6797266006469727,0.590624988079071,10.857907923286815
39,0.9299996386666897,0.05591534789343562,8.976621314355972
39,0.7401953339576721,0.453125,10.356309512572768
39,0.6259765625,0.09062500298023224,11.061753805165326
39,0.9299995851540401,0.05591317547992321,8.976601065314076
39,0.6326953172683716,0.653124988079071,11.385645763645725
39,0.525195300579071,0.05312500149011612,15.336625134344567
40,0.9299999870157831,0.055914445758936754,8.976611442326428
40,0.929999984611226,0.05591748262048019,8.976642101555969
40,0.6595703363418579,0.10312499850988388,10.528916870408736
40,0.8745703101158142,0.503125011920929,9.91709184924625
40,0.9283202886581421,0.0031250000465661287,11.369819518939135
40,0.6864452958106995,0.3531250059604645,10.780119585124774
40,0.5789453387260437,0.5531250238418579,12.093810315358008
40,0.6058202981948853,0.203125,11.562910995209378
40,0.9300000062566699,0.055913447924508815,8.976601328022722
40,0.7939453125,0.15312500298023224,9.795330602450084
40,0.8208203315734863,0.6031250357627869,10.072554048527621
40,0.9300000063539952,0.05591444435897325,8.976611385673438
40,0.9014453291893005,0.753125011920929,10.049250937783958
40,0.7133203148841858,0.40312501788139343,10.513135384268738
40,0.9299987746769739,0.05591743777636299,8.976644309390553
41,0.6461328268051147,0.528124988079071,11.233207231540446
41,0.6998828053474426,0.02812500111758709,12.222055130748767
41,0.9299999904077908,0.055915965389589505,8.976626773893617
41,0.8611328601837158,0.12812499701976776,9.453956602756511
41,0.7670702934265137,0.3031249940395355,10.245575656177271
41,0.9300000040882385,0.05591631059700773,8.976630228323009
41,0.7536327838897705,0.7281250357627869,10.303172673259782
41,0.9299999389407021,0.055915965389589505,8.976626887062775
41,0.9300000067856887,0.05591715276083874,8.976638723186943
41,0.9300000027768691,0.05591363656446225,8.976603239774695
41,0.5923827886581421,0.628125011920929,11.903240410747276
41,0.5386328101158142,0.328125,12.760905204704212
41,0.8073828220367432,0.22812500596046448,10.084294240579128
41,0.9148827791213989,0.4281249940395355,9.947850010262806
41,0.5520703196525574,0.703125,12.482784162393397
42,0.9299999506209262,0.055913229867269335,8.976599249326336
42,0.9299999587427622,0.05591292210660889,8.97660453083091
42,0.9299998663836946,0.055912952440882124,8.976604428169223
42,0.9299999633863869,0.05591345187688945,8.976601462182904
42,0.929999939852743,0.055915678444967136,8.976623988653449
42,0.9299999865016451,0.055915502876923574,8.976622113906215
42,0.9299999393383592,0.05591513326739732,8.97661848680198
42,0.5655078291893005,0.17812500894069672,11.985851276851545
42,0.929999854380192,0.05591295437816693,8.976604461631725
42,0.8880078196525574,0.37812501192092896,9.86991187327831
42,0.9300000068878732,0.05591323072853538,8.976599134296517
42,0.9300000068878732,0.05591320016407733,8.976598825784603
42,0.9299999493922383,0.05591322997169284,8.976599253081803
42,0.9299980865079028,0.05591397070689591,8.976610826177426
42,0.7805078029632568,0.578125,10.209371444421562
43,0.5000041755305515,0.0014251196785064462,20.158886774232148
43,0.5000081842231374,0.0014251854034680665,20.15869066467581
43,0.9300000063475311,0.055913897882694845,8.976605869629465
43,0.5000104532475306,0.0014229754517122786,20.158706903581646
43,0.929999987411467,0.055913181362074064,8.976598678826582
43,0.5000093908063877,0.001422888722210771,20.158762803389774
43,0.5001690623858749,0.001422769624374902,20.151107962345197
43,0.9299999941217969,0.05591386645775181,8.976605579313379
43,0.9300000066719871,0.05591386649885481,8.97660555213228
43,0.5001930010701702,0.0014227734780120826,20.149959329531807
43,0.929999993402815,0.05591386645775181,8.976605580894262
43,0.9300000053270575,0.055913189930198906,8.976598725917624
43,0.5000603567963745,0.0014230577505091491,20.15630740228221
43,0.5000015004248785,0.0014226094451009613,20.159157297801023
43,0.5001735136113656,0.0014225816182850252,20.15090506423371
44,0.6730078458786011,0.778124988079071,10.920247845821038
44,0.7233984470367432,0.559374988079071,10.432379761593769
44,0.929999615918736,0.055916526530022104,8.97663326147941
44,0.8342578411102295,0.6781250238418579,10.028299815565168
44,0.6192578077316284,0.27812501788139343,11.539617481186784
44,0.8308984041213989,0.359375,10.032323678054905
44,0.9299999253827124,0.055916812736927744,8.976635469978332
44,0.726757824420929,0.078125,10.123957760152013
44,0.5117577910423279,0.4781250059604645,13.58048061309623
44,0.9299999306055438,0.05591601839629561,8.976627440437877
44,0.5083984136581421,0.15937499701976776,13.946261186781921
44,0.9299992246054282,0.05591681670544575,8.976637050955086
44,0.9300000064352085,0.055914444085294036,8.976611382732232
44,0.9299993138041265,0.05592153867944097,8.976684518967398
44,0.9299998644587223,0.055913221645299105,8.976599355793775
45,0.9299998527957011,0.05591327962394319,8.976599966664908
45,0.6158984303474426,0.7593750357627869,11.587482605679522
45,0.9299999374113728,0.05591315715389432,8.976599184009867
45,0.9299999920840151,0.05591327906444243,8.976599654742314
45,0.9300000066999338,0.05591327978673209,8.9765996298945
45,0.9299999557263547,0.055914145495436725,8.976608480306185
45,0.9299999409474197,0.055913181526433035,8.976598782653332
45,0.9299998558213358,0.05591327904266766,8.976599954144904
45,0.9300000068771759,0.05591740746248841,8.976641293949186
45,0.9300000065642132,0.05591264743089737,8.976610629045505
45,0.9299997992563901,0.05591318001849977,8.976599555907447
45,0.9299995425827474,0.055913185180576246,8.9766011179337
45,0.9299998925594266,0.05591738793670223,8.976641348225163
45,0.9299998558213358,0.055913154152588844,8.976599788899607
45,0.929999996414347,0.05591318004937902,8.976598645780182
46,0.9299998649722354,0.05591444109595257,8.97661166361561
46,0.9299999457490326,0.055914483472471764,8.976611913742337
46,0.930000005603112,0.05591447523639816,8.976611698997242
46,0.5621484518051147,0.4593749940395355,12.332365628469168
46,0.9300000041995132,0.055913874221064676,8.976605635515657
46,0.9299999185972756,0.05591336991773348,8.976600733386038
46,0.9300000042449688,0.055914532776290896,8.976612282784835
46,0.6696484088897705,0.2593750059604645,10.946017879460431
46,0.5890234708786011,0.30937501788139343,11.941592160186087
46,0.7771484851837158,0.05937499925494194,10.104919947979457
46,0.9299996765245637,0.055913815136973986,8.976605759641322
46,0.8846484422683716,0.659375011920929,9.898051051395905
46,0.9300000042449688,0.05591458475091013,8.976612807410595
46,0.9300000069886094,0.055913180112838745,8.976598623169641
46,0.9299996252957051,0.055913423449063616,8.97660191865143
47,0.8040234446525574,0.7093750238418579,10.123516899066658
47,0.9299999212217297,0.055913184071251724,8.97659885171413
47,0.642773449420929,0.00937500037252903,14.787183600540505
47,0.9115234613418579,0.109375,9.216453378703424
47,0.9300000069872804,0.055912828129132744,8.976606408276565
47,0.9300000047005583,0.055913031704137035,8.97660167126446
47,0.9300000071016543,0.05591318449294922,8.976598667133063
47,0.9299999501197923,0.055913184260849354,8.97659879008531
47,0.929999999957377,0.05591317435309231,8.976598580492354
47,0.9299999984167695,0.055913163593698606,8.976598633790378
47,0.930000003669079,0.05591246940529462,8.976614803633693
47,0.9299999782314452,0.0559128957333489,8.9766050187052
47,0.9299999276667024,0.05591318986384815,8.976598896012089
47,0.6965234279632568,0.5093750357627869,10.68855843243865
47,0.8577734231948853,0.40937501192092896,9.95426362947958
48,0.9299999885569301,0.05591243909424633,8.976615610239666
48,0.5352734327316284,0.609375,12.865621784431413
48,0.9300000068640227,0.055916602309449066,8.976633166758587
48,0.9299992158185483,0.055917404108729425,8.976642999532695
48,0.5487109422683716,0.234375,12.482399374599536
48,0.7099609375,0.13437500596046448,10.060441178776204
48,0.7502734661102295,0.20937500894069672,10.252736341240885
48,0.8712109327316284,0.03437500074505806,10.035219749921822
48,0.9249609708786011,0.534375011920929,10.070502701943195
48,0.930000006529083,0.05591249250306565,8.976614245720294
48,0.6024609208106995,0.734375,11.762404241019658
48,0.7637109756469727,0.6343750357627869,10.268652882249691
48,0.9299998522407289,0.055913116524506326,8.976600690713793
48,0.8174609541893005,0.3343749940395355,10.073325347552531
48,0.6562109589576721,0.43437501788139343,11.109313701567926
49,0.9299991971763714,0.05591329150146111,8.976601528170626
49,0.5755859613418579,0.08437500149011612,12.399907909942375
49,0.9299999922409905,0.055913085445735,8.976600498461437
49,0.9299999922032108,0.05591307786112889,8.976600675754792
49,0.9299999545858441,0.05591308821251708,8.976600680710522
49,0.9299999514644273,0.05591285389503556,8.976606170787244
49,0.7905859351158142,0.484375,10.177380793115585
49,0.930000006616692,0.05591316251124481,8.976598605306338
49,0.9300000068355271,0.055912930946187496,8.976604009237594
49,0.9300000065031148,0.05591321195830141,8.976598945679216
49,0.9299999123707875,0.05591329150146111,8.976599955557257
49,0.9300000051093887,0.05591282684240678,8.976606450622016
49,0.9299999689804259,0.055918081328755836,8.976648179314122
49,0.929999326204277,0.05591286008702182,8.976610124900274
49,0.9300000070134585,0.05591317266225815,8.976598547910086
50,0.9299999889872385,0.05591305555548145,8.97660121751097
50,0.6830859184265137,0.684374988079071,10.818067742464937
50,0.7368359565734863,0.18437500298023224,10.172519845906775
50,0.6293359398841858,0.3843750059604645,11.423900173804268
50,0.5218359231948853,0.5843750238418579,13.271555645208112
50,0.9300000006218673,0.05591308583362747,8.976600434469463
50,0.9300000063724123,0.0559128843695133,8.976605099501283
50,0.8980859518051147,0.28437501192092896,9.836522959982192
50,0.9299998799422847,0.055913132930033076,8.976600126177159
50,0.8443359136581421,0.784375011920929,9.99481840162086
50,0.9299999846800235,0.05591356725795782,8.976602579998511
50,0.5151171684265137,0.37187501788139343,13.474330417582411
50,0.9300000068043952,0.05591320195659661,8.976598844061543
50,0.9299999523357827,0.0559130511131247,8.976601561461832
50,0.9299999919836521,0.055913135342777684,8.976599335414104
51,0.9300000033392639,0.055913157091595445,8.976598753299587
51,0.9299999895369405,0.055913114563583936,8.976599836496105
51,0.9300000062468798,0.05591328135064747,8.9765996466764
51,0.9299999342467676,0.05591127570967996,8.976643122892913
51,0.5957421660423279,0.12187500298023224,11.3169241450294
51,0.8376171588897705,0.171875,9.790767969093816
51,0.7301172018051147,0.7718750238418579,10.395003192945746
51,0.9300000014027903,0.05591135238479946,8.976640892863982
51,0.6226171851158142,0.5718750357627869,11.513464184000124
51,0.9299992653893073,0.05591122092905869,8.976648786077735
51,0.8913671970367432,0.47187501192092896,9.873042118210652
51,0.5688672065734863,0.671875,12.231583832351314
51,0.7838671803474426,0.2718749940395355,10.18014101549744
51,0.6763671636581421,0.07187499850988388,10.858487256332525
51,0.9299999452897864,0.05591316376372169,8.976598978074302
52,0.9299999912797196,0.05591317266225815,8.976598582506425
52,0.9299999838888258,0.05591317266225815,8.976598598757448
52,0.810742199420929,0.5218750238418579,10.107902472537969
52,0.9299999647848792,0.055913120115640154,8.976599869147957
52,0.9300000063862119,0.0008156146386273329,11.503910166123774
52,0.930000006936085,0.05591315517493156,8.976598774462214
52,0.929999974397671,0.05591317181040429,8.976598611029152
52,0.9300000050132842,0.0008080844622534669,11.50439446840635
52,0.9299999317824927,0.0008138938323834013,11.504021490578571
52,0.9299999738591044,0.05591298521492042,8.976602958619663
52,0.9300000065276026,0.0008156146386273329,11.503910164885662
52,0.9299999243458639,0.05591317266225815,8.976598907647576
52,0.9300000004526431,0.0008156146386273329,11.503910218087146
52,0.9182422161102295,0.3218750059604645,9.899482670803234
52,0.930000005018248,0.0008156146386273329,11.503910178103519
53,0.8510546684265137,0.24687500298023224,9.957854861374484
53,0.5419921875,0.421875,12.6665637417457
53,0.5285546779632568,0.046875,15.506909236787527
53,0.929999921336511,0.055912721499815875,8.976609458749156
53,0.6494922041893005,0.22187499701976776,11.128831903495911
53,0.7435547113418579,0.4468750059604645,10.342756502513751
53,0.7032421827316284,0.721875011920929,10.61152510167567
53,0.6360546946525574,0.6468750238418579,11.345648070874674
53,0.8644921779632568,0.621874988079071,9.941625142179314
53,0.9299999852870617,0.0559140928409418,8.97660788381893
53,0.7569922208786011,0.02187499962747097,11.883974771446807
53,0.929999925522366,0.05591304439808399,8.976601893974086
53,0.9299998873595124,0.055913035240971326,8.976602357887886
53,0.9299997722537413,0.05591317266225815,8.976599904627454
53,0.9299999963150739,0.05591272046668434,8.976608991372704
54,0.9048047065734863,0.746874988079071,10.065944436927017
54,0.9299999801273761,0.05591439871181636,8.976610982585047
54,0.6898046731948853,0.34687501192092896,10.745094652546214
54,0.9299999986123332,0.055913205856474045,8.976598901439047
54,0.9300000037155338,0.05591511297039883,8.976618140368986
54,0.9299998890940677,0.05591533905492374,8.976620674484684
54,0.9299997637538683,0.05591504626689796,8.976617994712894
54,0.9299991027848793,0.055913124802785,8.976605410243133
54,0.9299999872113988,0.05591543761726237,8.976621453618915
54,0.9299997594775237,0.055914846620540234,8.976615988904717
54,0.9299999392122187,0.055913184440503236,8.976598815882904
54,0.9300000043967396,0.055918251954206785,8.976649823742175
54,0.9299999008272581,0.055918251954206785,8.97665005147808
54,0.9300000057342276,0.0559142677561663,8.976609604429461
54,0.7973046898841858,0.14687500894069672,9.747708808099873
55,0.9299999593081214,0.055917032612040306,8.976637614800747
55,0.9299995858003323,0.055912128834703104,8.97662549267666
55,0.5554296970367432,0.296875,12.42693965126448
55,0.6629296541213989,0.49687501788139343,11.044268733954485
55,0.9299999789158423,0.05591491701341812,8.97661621692845
55,0.8241796493530273,0.596875011920929,10.062137931975471
55,0.5823047161102295,0.546875,12.046886643469165
55,0.9299999477011984,0.055912593954756125,8.976612263180261
55,0.609179675579071,0.19687500596046448,11.48914278224836
55,0.8779296875,0.09687500447034836,9.273085159991703
55,0.9300000067580756,0.05591699477616624,8.976637128548942
55,0.7704297304153442,0.6968750357627869,10.241295556999475
55,0.9299999969970276,0.05591146335560038,8.976638331374541
55,0.9300000057752844,0.05591742914137692,8.976641515199606
55,0.9300000051649684,0.05591259171983119,8.976611938668244
56,0.5016796588897705,0.796875,13.897107197440695
56,0.9299999486195688,0.05591569826551796,8.976624169443728
56,0.9300000056590744,0.05591504568173951,8.97661745688977
56,0.8787695169448853,0.4984374940395355,9.905803563228746
56,0.5025195479393005,0.3984375,13.87786377487701
56,0.8250195384025574,0.19843749701976776,9.976679086024898
56,0.9300000037842594,0.055915095900127054,8.97661796791203
56,0.9299999986983877,0.05591357240960081,8.97660260117369
56,0.6100195646286011,0.598437488079071,11.671489442142203
56,0.9300000062278025,0.05591514297404504,8.976618437699072
56,0.663769543170929,0.09843750298023224,10.517559540005905
56,0.7166796922683716,0.3968749940395355,10.480762496532202
56,0.9299999639779358,0.05591569826551796,8.976624135672544
56,0.7175195217132568,0.7984375357627869,10.469839240915165
56,0.9300000030891563,0.05591508983345795,8.976617908204203
57,0.9056445360183716,0.34843751788139343,9.842223119590125
57,0.7712695598602295,0.2984375059604645,10.229520596465221
57,0.9299999779175969,0.05591709846580473,8.976638238609516
57,0.5562695264816284,0.698437511920929,12.41905806837085
57,0.9300000027323748,0.05591707068909671,8.976637903666582
57,0.9300000070838493,0.05591327510023633,8.9765995817456
57,0.9299999876917754,0.05591324890875932,8.976599360013974
57,0.930000003770366,0.05591708775831537,8.976638073681027
57,0.9299999201467557,0.05591732278712979,8.97664062994303
57,0.9299999554550774,0.055913352219385475,8.976600473697108
57,0.7981445789337158,0.5484375357627869,10.148991277120674
57,0.9300000067570257,0.05591710204915214,8.976638211365588
57,0.9300000024793663,0.05591709245868838,8.976638123965207
57,0.9299999299022469,0.05591327349292367,8.976599735233247
57,0.5831445455551147,0.1484375,11.601478118881278
58,0.7578320503234863,0.4234375059604645,10.286600328511188
58,0.8518944978713989,0.6484375,9.97676382214007
58,0.9300000071525574,0.0559131789622424,8.976598611195085
58,0.6906445026397705,0.7484375238418579,10.736877308222928
58,0.9299999844301754,0.055913173525943737,8.976598606285267
58,0.9299999849358066,0.05591426552725883,8.976609627663828
58,0.9300000071463232,0.05591339868257925,8.97660082902677
58,0.7443945407867432,0.04843750223517418,10.716261447740186
58,0.9299999692689084,0.05591340554161675,8.976600981547962
58,0.9299998136244224,0.05591318525886772,8.976599339398843
58,0.5293945074081421,0.44843751192092896,13.03656721159133
58,0.6368945240974426,0.24843750894069672,11.312532229274717
58,0.9299996977608751,0.055913208816185174,8.97659959284401
58,0.5428320169448853,0.0234375,16.52327277520429
58,0.9299999857226713,0.05591426552725883,8.976609625933751
59,0.9299999032027167,0.05591306643453093,8.976601525890274
59,0.6503320336341858,0.6234375238418579,11.179743742180358
59,0.9299999696354687,0.055913677729819665,8.976603728164799
59,0.9299999996479289,0.055913738129651995,8.976604271837632
59,0.9299999690649858,0.05591255762182849,8.976612971249349
59,0.9299999996438412,0.05591478751580859,8.976614864214623
59,0.8653320074081421,0.22343750298023224,9.906903555726783
59,0.7040820121765137,0.32343751192092896,10.59974148801997
59,0.9299999962531795,0.055915135512711975,8.976618384318062
59,0.9299999415047905,0.05591359990508242,8.976603004469641
59,0.9299999212960773,0.05591332283920425,8.976600252249503
59,0.9299999118011569,0.05591369347432111,8.976604014256568
59,0.9299994583931195,0.0559131733261957,8.976601946519967
59,0.9299999341598223,0.05591361468389992,8.976603169795087
59,0.9300000004669966,0.0559147412693196,8.97661439559763
60,0.9300000029309852,0.05591317264335455,8.976598556695903
60,0.9299999989899567,0.05591043795211186,8.976662254121054
60,0.9300000067755303,0.055913245768425726,8.976599286353698
60,0.9300000070580737,0.055913245768425726,8.976599285732334
60,0.9300000071316591,0.055913243120113545,8.97659925883899
60,0.9190820455551147,0.723437488079071,10.13779994117871
60,0.9299998770527185,0.05591043795211186,8.97666305343645
60,0.9299999883817736,0.055917956505082834,8.976646876675833
60,0.930000006911411,0.05591351736385002,8.976602027492072
60,0.9299999201192529,0.05591839350058928,8.97665143783698
60,0.5697070360183716,0.2734375,12.207482741018621
60,0.5965820550918579,0.5234375,11.852465619069777
60,0.9299997268492967,0.0559131843989542,8.976599928291536
60,0.8115820288658142,0.12343750149011612,9.565785202999527
60,0.9300000069973884,0.05591797931905039,8.976647066027885
61,0.73095703125,0.3734374940395355,10.392112566266503
61,0.9300000069222233,0.05591317312362609,8.976598552767665
61,0.6234570145606995,0.17343750596046448,11.193969848678677
61,0.5159570574760437,0.7734375,13.4419518072991
61,0.9299995835716494,0.055914695914389245,8.976614854485524
61,0.9299999693267599,0.05591302850117841,8.976601977909327
61,0.8451757431030273,0.38593751192092896,9.990157866472346
61,0.9299999323912862,0.05591464397224936,8.976613563180365
61,0.8922070264816284,0.07343750447034836,9.24766740639003
61,0.5226757526397705,0.18593750894069672,13.193633472955758
61,0.7376757860183716,0.5859375,10.372112147095702
61,0.9299999970984704,0.05591464397224936,8.976613420898067
61,0.7847070693969727,0.6734375357627869,10.190886817459303
61,0.6772070527076721,0.47343751788139343,10.879476869531823
61,0.8384570479393005,0.573437511920929,10.018849073079892
62,0.929999975882146,0.05591317266225815,8.976598616363344
62,0.9300000046194606,0.05591317266225815,8.976598553174044
62,0.929999977137759,1.984713077205272e-07,11.56782995366208
62,0.9300000035950302,1.9846631869083948e-07,11.567829717615387
62,0.9299999701778001,1.9047485286757965e-07,11.56783065956281
62,0.9299998820562797,0.05591317266225815,8.976599184860424
62,0.9299999906720763,0.05591317266225815,8.976598583842486
62,0.9299998679510573,0.05591317266225815,8.976599277321457
62,0.9299999128334104,1.8128477665192243e-07,11.567831911832224
62,0.9299999776812794,1.9846631869083948e-07,11.567829949206082
62,0.9299998823845025,1.9053314474452843e-07,11.567831439477525
62,0.9299999621346918,1.9846631869083948e-07,11.567830088145842
62,0.9299996664457344,0.05591317266225815,8.976600598210414
62,0.9299999793290858,0.05591317266225815,8.976598608784077
62,0.9299999869946644,0.05591317266225815,8.976598591928575
63,0.89892578125,0.6859375238418579,9.998147217094923
63,0.8183007836341858,0.7359375357627869,10.076154264347693
63,0.9299995748522772,0.05591317237717499,8.976601205270246
63,0.7108007669448853,0.535937488079071,10.546158615023685
63,0.5764257907867432,0.4859375059604645,12.122354908448738
63,0.9258008003234863,0.13593749701976776,9.42567166649269
63,0.7914258241653442,0.0859375,9.632354722394552
63,0.630175769329071,0.785937488079071,11.40904834518136
63,0.9299998400844911,0.05591316639308079,8.976599606329684
63,0.6033008098602295,0.3359375,11.751870848979562
63,0.9299999383315187,0.05591598591756335,8.976627095610555
63,0.9299999406123428,0.05591317115746891,8.976598836145131
63,0.8720507621765137,0.4359374940395355,9.91630131298279
63,0.6839257478713989,0.28593751788139343,10.800361701215156
63,0.6570507884025574,0.03593749925494194,12.41602252013904
64,0.5000023352390597,0.00030018091167086384,20.22249262161178
64,0.5000000911984064,0.0002992316597106072,20.222653744215624
64,0.9299999737062837,0.05591317266225815,8.976598621147847
64,0.500005007859759,0.0002994210176603268,20.222407231845175
64,0.5001810372794954,0.00029919865356466525,20.213977685722778
64,0.5000090468507492,0.0002992329314133146,20.222224086477063
64,0.9299997528463525,0.05591317266225815,8.976600031845095
64,0.5000452285148244,0.0002974400251683216,20.220589620227138
64,0.5001767369871398,0.0002974387069609903,20.214283038097985
64,0.9300000037851551,0.05591317266225815,8.976598555008595
64,0.5001741056602192,0.00029744002209142537,20.214409133779366
64,0.5000021301678174,0.0002992317435654178,20.22255593311247
64,0.9299996598739776,0.05591317266225815,8.976600641288956
64,0.5000060196141406,0.0002995207781524323,20.22235307961597
64,0.9299995338431264,0.05591317266225815,8.97660146743509
65,0.8586132526397705,0.010937499813735485,11.507933780493403
65,0.9299997382310434,0.05591308911940198,8.976602077770142
65,0.9123632907867432,0.510937511920929,9.98437000310729
65,0.6436132788658142,0.41093751788139343,11.253808888405034
65,0.9299998363462578,0.05591316080269064,8.976599761329187
65,0.9299999703945584,0.05591308735988805,8.976600596985474
65,0.7511132955551147,0.6109375357627869,10.317721901065152
65,0.5495507717132568,0.635937511920929,12.525631515312535
65,0.9300000049399906,0.055913431909252735,8.976601169262484
65,0.9299998319406999,0.05591317266225815,8.976599513373154
65,0.6973632574081421,0.11093749850988388,10.070855124036154
65,0.9300000000991063,0.05591317113149914,8.976598547662466
65,0.5361132621765137,0.2109375,12.684518833217442
65,0.9300000056229706,0.0559156069427121,8.97662312229401
65,0.7645508050918579,0.23593750596046448,10.238499732188343
66,0.8854882717132568,0.26093751192092896,9.86549942343997
66,0.56298828125,0.06093750149011612,13.60160337779651
66,0.8048632740974426,0.3109374940395355,10.112897048194588
66,0.929999992116596,0.055913193857808886,8.976598794609993
66,0.9299996401456417,0.05591277332522661,8.976610092238278
66,0.9299995747996739,0.055912754275571214,8.976610965260578
66,0.9299997635171185,0.05591317266225815,8.976599961897191
66,0.9299999616471057,0.055912817109169156,8.97660696272264
66,0.9299999995169785,0.05591321477326478,8.976598989454567
66,0.9299999563743946,0.05591321468011322,8.976599083378787
66,0.6704882979393005,0.660937488079071,10.953222177187774
66,0.5898633003234863,0.7109375,11.932846662615802
66,0.7779883146286011,0.4609375,10.21780342703059
66,0.6167382597923279,0.3609375059604645,11.579745211818382
66,0.929999983215625,0.05591274894440885,8.976608412492059
67,0.9299999473335978,0.05591317266225815,8.97659875696057
67,0.9299999959803313,0.05591317266225815,8.976598572170415
67,0.9299999251077504,4.5424661909149623e-07,11.56780982924947
67,0.9299999856897648,4.4783087141583144e-07,11.567809804283504
67,0.9299999984594077,4.4701632816368907e-07,11.56780975573055
67,0.9299999364995752,4.643962203778099e-07,11.567808910419574
67,0.929999987685191,0.05591317266225815,8.976598590410244
67,0.9299999478194695,4.539144855900528e-07,11.567809653011492
67,0.9299998223548439,4.453785409225965e-07,11.56781146141132
67,0.9299999559605068,4.629789560148721e-07,11.56780885058448
67,0.9299999860224935,4.647562366898967e-07,11.567808438853849
67,0.9299999984775996,4.450731971608926e-07,11.567809911986307
67,0.9300000031692052,0.05591317266225815,8.976598556363
67,0.9299999784319918,0.05591317266225815,8.976598610756591
67,0.9299998159269904,4.539787666205521e-07,11.567810826556945
68,0.5092383027076721,0.5609375238418579,13.667368248801031
68,0.929999962213437,0.05591561995459833,8.97662334908682
68,0.7275976538658142,0.47968751192092896,10.418254996272974
68,0.9300000069924181,0.05591317266225815,8.976598547956284
68,0.9299999943463982,0.055913182132797716,8.9765986713573
68,0.7242382764816284,0.16093750298023224,10.083090705367244
68,0.9299999356533084,0.05591317266225815,8.976598833526198
68,0.9300000062600952,0.055913181660766295,8.976598640396078
68,0.5125976800918579,0.07968749850988388,14.809197845704555
68,0.9299999985529702,0.05591318255206934,8.976598666339228
68,0.929999959794533,0.05591317262424736,8.976598676165114
68,0.9299999746026496,0.05591319857339311,8.97659888071887
68,0.9299999763173459,0.05591317266225815,8.9765986154064
68,0.9299999854427795,0.05591317662323728,8.97659863532262
68,0.831738293170929,0.760937511920929,10.033381336066796
69,0.8350976705551147,0.2796874940395355,10.012398515882111
69,0.9299999835238038,0.05591305801416458,8.976601195932
69,0.8888476490974426,0.7796875238418579,9.987707560093861
69,0.9299999808947014,0.0559133684745715,8.976600581835763
69,0.5663476586341858,0.5796875357627869,12.273901393172054
69,0.6738476753234863,0.37968751788139343,10.914089270396115
69,0.9300000005648076,0.05591322838295661,8.976599124524238
69,0.9299997226037575,0.05591305329538308,8.976603016439762
69,0.9299999227203175,0.05591447007449396,8.97661182914155
69,0.6200976371765137,0.6796875,11.53899335381234
69,0.9300000062530361,0.055913174608884,8.976598569231173
69,0.9300000057784322,0.05591304899891099,8.976601260491234
69,0.929999885622898,0.05591450710588078,8.976612284504387
69,0.7813476324081421,0.1796875,9.996937577303493
69,0.930000006707718,0.055913625964995314,8.97660312414183
70,0.9299999798403987,0.05591670849154416,8.9766342979808
70,0.929999889014981,0.05591465531921624,8.976613773094076
70,0.9299999911466261,0.05591458449462339,8.976612833624804
70,0.9299999083197995,0.05591179644004403,8.976631137541265
70,0.9299999738933519,0.0559120441350999,8.976624925805014
70,0.929999846527795,0.055912063319442144,8.976625312885462
70,0.9299998691451623,0.055914756705736285,8.976614840169718
70,0.9299999698046827,0.0559134910544107,8.97660184352147
70,0.5932226777076721,0.22968749701976776,11.836109546355075
70,0.8082226514816284,0.629687488079071,10.112396044011247
70,0.9299998686032054,0.055911428690170496,8.976639982200425
70,0.9299999996605373,0.05591321571140991,8.97659899860841
70,0.929999097901521,0.055911506476514876,8.97664321850078
70,0.9300000018178839,0.055914585262980036,8.976612817916195
70,0.9300000063632509,0.055913217737809905,8.976599004324246
71,0.8619726896286011,0.5296875238418579,9.951360211370117
71,0.9299999958994214,0.055913848657971,8.976605395736179
71,0.9300000071440736,0.05591368785424189,8.976603747882796
71,0.7007226943969727,0.4296875,10.63706750941402
71,0.9299997336323456,0.055913985996993425,8.97660735870499
71,0.930000002899101,0.055913853876945994,8.976605433024767
71,0.9300000035413981,0.05591704612741746,8.976637653961872
71,0.5394726395606995,0.729687511920929,12.735672668765977
71,0.7544726729393005,0.3296875059604645,10.295703461268149
71,0.5529101490974426,0.3046875,12.466561428105559
71,0.7679101228713989,0.7046875357627869,10.250264769089922
71,0.9299999978111626,0.055913847341638366,8.976605378245631
71,0.64697265625,0.12968750298023224,10.702287840339684
71,0.8754101991653442,0.10468750447034836,9.27859210258668
71,0.915722668170929,0.02968749962747097,9.895120219403404
72,0.9300000042848544,0.055913164000216814,8.97659858583492
72,0.9299998913357913,0.05591317266225815,8.976599124032125
72,0.714160144329071,0.004687500186264515,13.638289232135255
72,0.9299996983014823,0.055913172715752725,8.97660038814378
72,0.9299999273929275,0.05591317266225815,8.976598887673948
72,0.9291601777076721,0.4046874940395355,10.013466108737118
72,0.9300000070577921,0.05591317309996613,8.976598552230582
72,0.93000000654421,0.05591316375601096,8.976598576725438
72,0.9022851586341858,0.35468751192092896,9.831796780769963
72,0.6872851848602295,0.754687488079071,10.771084718749197
72,0.7947851419448853,0.5546875,10.160238409058513
72,0.8216601610183716,0.20468750596046448,10.006956943277364
72,0.579785168170929,0.15468750894069672,11.67651906989805
72,0.6604101657867432,0.504687488079071,11.071880047965081
72,0.6066601276397705,0.604687511920929,11.714673981791602
73,0.7410351634025574,0.0546875,10.585360048747964
73,0.8418164253234863,0.09218750149011612,9.415252518541816
73,0.7343164086341858,0.692187488079071,10.38121465366161
73,0.6268163919448853,0.4921875,11.455504287942178
73,0.9299999894348375,0.05591317266225815,8.976598586562844
73,0.8485351800918579,0.6546875238418579,9.986367202984749
73,0.6805664300918579,0.19218750298023224,10.663471754079382
73,0.9300000071313538,0.05591316407135138,8.976598565515383
73,0.5260351300239563,0.4546875059604645,13.13768529028356
73,0.9299999959023377,0.05591208360037797,8.976623860303777
73,0.9299999384268591,0.055912945240821334,8.976604123987507
73,0.6335351467132568,0.25468751788139343,11.356230315229178
73,0.8955664038658142,0.5921875238418579,9.92804255394741
73,0.9299998847283423,0.05591357202968534,8.97660284794326
73,0.5193164348602295,0.29218751192092896,13.336434563472256
74,0.9224414229393005,0.2421875,9.86824955490179
74,0.81494140625,0.44218751788139343,10.085835266787834
74,0.9300000023490653,0.055912587718851055,8.976612050520725
74,0.9299999728434895,0.05591257822869936,8.97661246545927
74,0.9299999663684625,0.05591317702609788,8.976598681330625
74,0.5999414324760437,0.04218750074505806,13.498593364022172
74,0.9300000045608439,0.05591068995464425,8.976656335149682
74,0.9299999973838229,0.05591261873894323,8.976611358973388
74,0.5730664134025574,0.792187511920929,12.1637611630492
74,0.7880663871765137,0.3921875059604645,10.174999745703241
74,0.9299999987111128,0.055913084170584285,8.976600485814597
74,0.6536914110183716,0.3421874940395355,11.135377717705552
74,0.9299999622019312,0.05591319760665004,8.976598898228334
74,0.7074413895606995,0.6421875357627869,10.573951159062092
74,0.9300000053926812,0.05591320123124822,8.976598839844115
