iters,params_res,params_f,latf,objs
0,0.71500003,0.4,0.050000004,[670.54327819]
0,0.8225,0.2,0.07,[714.80561113]
0,0.6075,0.6,0.030000001,[678.65588593]
0,0.66125,0.3,0.060000002,[665.44113515]
0,0.87625,0.7,0.02,[714.00631463]
0,0.76875,0.1,0.04,[636.94580888]
0,0.55375,0.5,0.080000006,[714.24879896]
0,0.580625,0.25,0.035000004,[683.27550696]
0,0.795625,0.65000004,0.075,[872.98429587]
0,0.90312505,0.05,0.055,[626.02409632]
0,0.688125,0.45000002,0.015000001,[655.24759161]
0,0.634375,0.15,0.085,[711.42534075]
0,0.849375,0.55,0.045,[760.41731366]
0,0.741875,0.35,0.025,[682.57696307]
0,0.526875,0.75,0.065000005,[743.06500329]
1,0.9299413509063205,4.100045352925692e-05,0.016790479557077076,[659.84169274]
1,0.9139455999229382,0.00022263240562387775,0.010087645526105048,[669.56411624]
1,0.9064617012919168,0.02648901107154049,0.010244461543901072,[636.74382576]
1,0.9218598607622144,0.0010261338126175308,0.024641201316013033,[645.72837562]
1,0.9295035840080332,2.034889800701966e-06,0.010136841491080168,[657.69477951]
1,0.9093566957277038,0.03142729828793735,0.01013983196197406,[643.38479237]
1,0.913440394410236,0.0017591269566309062,0.01023271381727964,[650.68085005]
1,0.9186882234795201,0.000867156321868027,0.01336219156923038,[668.17094893]
1,0.9186882234795201,0.0010261338126175308,0.024641201316013033,[648.61480181]
1,0.9195633772502236,0.01297860574713598,0.011344028708002525,[657.5380165]
1,0.905442627792561,0.0344982803981637,0.010290069502169662,[648.11456096]
1,0.9035396873989495,0.028244270730896352,0.01399387177462454,[649.58007899]
1,0.9034744555595836,0.007468889681716252,0.010903249201796065,[665.52689614]
1,0.9255206561826941,0.03200855724990076,0.01193283313275437,[623.02547037]
1,0.9034164181443265,0.043499342270310146,0.011370567716123985,[612.86926715]
2,0.9299991329859636,0.04381804936905845,0.0100436915662086,[612.87871946]
2,0.9299995625874677,0.04349987215527855,0.012060547954759023,[618.73113212]
2,0.9299991452703255,0.04364897079984305,0.011944695798835827,[599.20230672]
2,0.9299986572183219,0.04363302679782341,0.016260731491465175,[629.07603965]
2,0.9299951303020593,0.04342775701126123,0.010226897866478795,[609.29150405]
2,0.9299938450151126,0.04350418655887997,0.0159677194830621,[595.15844259]
2,0.9299996339737239,0.04348006147599965,0.01000926616485685,[606.61913954]
2,0.9299422783770543,0.04348710737450421,0.010108963151074435,[619.08629167]
2,0.9299953040048734,0.043681140778032077,0.014477969478552922,[612.31350581]
2,0.9299946829075533,0.0434446550488138,0.016419642547042465,[611.73265606]
2,0.9299961183255859,0.04368444790125724,0.01335880086280297,[607.86698751]
2,0.929997608687146,0.043467394446725,0.010151614771870834,[615.7862563]
2,0.9299930771123304,0.043507954980295506,0.014145468325403785,[593.53939405]
2,0.9299991452703255,0.043649913932892206,0.011944695798835827,[599.20007984]
2,0.9299996817226331,0.043522247806516194,0.010148499873754359,[615.94748618]
3,0.927134176201831,0.04868310742481524,0.01859420549348951,[612.82363471]
3,0.929683595530807,0.04486051214285159,0.02267618686631881,[606.92269099]
3,0.9297104061730131,0.04497467952170256,0.011943695257878329,[596.13200302]
3,0.9294373059469301,0.04435400686362558,0.011528624125189641,[616.00535862]
3,0.9299927027930169,0.04795021012046786,0.010676780218969428,[588.88698526]
3,0.7553125023841858,0.7750000357627869,0.03750000149011612,[741.15206228]
3,0.6478124856948853,0.574999988079071,0.05750000476837158,[746.48538409]
3,0.9299952023249867,0.045268513176837374,0.01350165907005466,[617.10322848]
3,0.7015625238418579,0.07500000298023224,0.04749999940395355,[713.31664028]
3,0.929987514903759,0.04349736778197759,0.013522826761044812,[618.42454572]
3,0.8628125190734863,0.17499999701976776,0.017500000074505806,[632.44829134]
3,0.5403125286102295,0.375,0.07750000059604645,[709.3687215]
3,0.9288247351895252,0.04435400686362558,0.011528624125189641,[616.53695596]
3,0.9299158187252954,0.04649674748010127,0.010992577428451599,[612.83970836]
3,0.9261502967018899,0.04396799432719094,0.011869727244049675,[617.57074539]
4,0.8090624809265137,0.2750000059604645,0.06750000268220901,[747.96711701]
4,0.9269451897425098,0.07064421219945109,0.01014129203653103,[575.95118463]
4,0.9299859403501057,0.07092439089843251,0.010338157319629825,[591.82755568]
4,0.929756923668092,0.10803665403140611,0.01004659605286847,[639.55069219]
4,0.9299915930714475,0.08991248431119528,0.014494773676244794,[607.07530898]
4,0.9295863332115474,0.07021914126125234,0.01304767934635551,[583.15557081]
4,0.929950610014281,0.08828691024387474,0.013532159313759859,[636.49374788]
4,0.9299601961360068,0.10185890701699239,0.014100256340016814,[610.5353911]
4,0.9296610162209447,0.07000046627313389,0.010408208734379898,[589.1027168]
4,0.5940625071525574,0.675000011920929,0.027500001713633537,[610.71655592]
4,0.9298115659773746,0.07200570406336919,0.013134439000226872,[604.0735599]
4,0.9263443916903946,0.09225834040894798,0.013344185399055544,[590.41185411]
4,0.9299519346210863,0.06594956374140813,0.012778562386904573,[618.75930305]
4,0.9165624976158142,0.4749999940395355,0.08750000596046448,[870.03637048]
4,0.9283049900199697,0.07447693839255796,0.013069007901124276,[575.29277848]
5,0.9299795902642817,0.07467561503111579,0.010208504697154983,[573.37529632]
5,0.9299644244652787,0.07466900938066293,0.013200046596311884,[609.83851419]
5,0.9299212928119324,0.07451099649361727,0.01014102279787013,[569.26807015]
5,0.6746875047683716,0.7250000238418579,0.07250000536441803,[835.85867701]
5,0.9299795902642817,0.07467548803227998,0.010208504697154983,[573.37573028]
5,0.9299158449732151,0.07464840092387345,0.010887965346068949,[593.44608821]
5,0.9299924096229873,0.0752069643479007,0.011600805741829383,[575.82616808]
5,0.9296183904541833,0.07503560950036117,0.012317709234098391,[612.63754626]
5,0.8896875381469727,0.32500001788139343,0.032499998807907104,[740.78430802]
5,0.9299170148342455,0.07448284233515856,0.01014213832041084,[568.58270689]
5,0.9282372641477349,0.07466147773825023,0.011295661957720218,[595.1295242]
5,0.9283958408148829,0.07449419175702392,0.011068085921419444,[549.85524594]
5,0.567187488079071,0.125,0.05250000208616257,[742.17668714]
5,0.7821874618530273,0.5250000357627869,0.012500000186264515,[684.64816462]
5,0.9096308346670388,0.07485745231473874,0.010545870013211577,[571.59606612]
6,0.5234566066192203,0.07142338899199019,0.010022256217765884,[829.02935324]
6,0.8310012567274595,0.07478464242775616,0.010002712038577711,[619.22310742]
6,0.9018590568220651,0.07448616682338664,0.010000825410896913,[581.89362923]
6,0.9287196832295289,0.07695959996525656,0.010012091114943646,[585.012915]
6,0.9276642698489211,0.07475381201917086,0.010000569135485804,[586.84944819]
6,0.5287659202628656,0.07477745718003212,0.010016852978404246,[818.47313123]
6,0.8699538148637459,0.07512271273646945,0.010018376874626343,[594.9810361]
6,0.8931405530625215,0.07704136141675473,0.010008150268954111,[590.2852585]
6,0.5427625625592043,0.07324080103249504,0.010016852978404246,[808.90478061]
6,0.9201145643653474,0.07449419051408768,0.010115465643814625,[573.61406558]
6,0.8771099561393749,0.07442568534023553,0.01012317764821331,[600.36716357]
6,0.5287659202628656,0.07358699719371635,0.010016852978404246,[819.27332807]
6,0.7722457342298001,0.07517225077340511,0.010161544484836851,[661.20128862]
6,0.9144000943104683,0.07453831024115161,0.010098137469371047,[573.29596595]
6,0.8845437000507493,0.07448162429389264,0.010003649973005633,[584.99526806]
7,0.8359375,0.625,0.0625,[832.30576033]
7,0.9283958673477173,0.0747324554356838,0.010008015965493645,[592.31574785]
7,0.9058714723894649,0.07493571976871885,0.010183843882131716,[574.93124658]
7,0.9075900916171206,0.07366688646825956,0.010072858690601807,[562.21413323]
7,0.9173266526605097,0.0746361243958661,0.01049654618187058,[568.15153418]
7,0.9204456977261003,0.07448346597558149,0.01002512757723785,[583.46043712]
7,0.9286560579093952,0.07563608966924922,0.010031966903417776,[584.86846948]
7,0.9132810372299545,0.07449935446129562,0.010019879326049069,[586.06658286]
7,0.8990696446036762,0.07308604887601017,0.010016226805142782,[588.35054999]
7,0.6209375262260437,0.22500000894069672,0.02250000089406967,[652.65743286]
7,0.9186407792809159,0.0727683589461072,0.010000723726556682,[583.48046328]
7,0.9283892721339155,0.074466586939371,0.010019783893786171,[585.64873186]
7,0.9186311537066796,0.07471801927863696,0.010114613796496861,[573.01720777]
7,0.9282032835740406,0.07445689905808145,0.010006950087895015,[594.53293717]
7,0.9142306407446765,0.07445790608298279,0.01001747182239935,[582.62441842]
8,0.9240008177861565,0.07312948871261588,0.010240606174827235,[573.38244668]
8,0.9101833762461721,0.07447666540796642,0.01024264133000892,[567.13107174]
8,0.9208277085986818,0.06993108087113387,0.010480288192262066,[571.98737965]
8,0.923938222524525,0.07477319974686136,0.010030376886678726,[582.89573701]
8,0.9169845619493108,0.0742637856675634,0.012149173249972282,[608.77347171]
8,0.9077283342321131,0.07108079933735124,0.010501986734465294,[574.38528721]
8,0.9111548587659196,0.07908756567867699,0.010707645018841451,[562.43969299]
8,0.9092795088935911,0.06839209259613925,0.010479308845135243,[572.44018022]
8,0.923938222524525,0.06882636701069046,0.010857969641539471,[599.82704564]
8,0.9208008224595237,0.07439803812272061,0.01077146490738575,[560.06467011]
8,0.9170300493375767,0.07836781104918601,0.010479576853377467,[573.33335192]
8,0.923938222524525,0.07471458113658427,0.010280653979463835,[597.24171165]
8,0.9228320937105664,0.08332348975825186,0.010460671296257386,[584.28945123]
8,0.8981532664384959,0.07836781104918601,0.010735425760006337,[563.34211564]
8,0.9208008224595237,0.08307401604967192,0.010545371177070956,[590.6410146]
9,0.51233474714085,0.0007631622523894574,0.014771126204495017,[891.85281205]
9,0.5134375095367432,0.42500001192092896,0.042500004172325134,[691.45635223]
9,0.7284374833106995,0.02500000037252903,0.08250000327825546,[763.05736549]
9,0.5054457379247457,0.0003282665263425671,0.010946566162251432,[893.65098068]
9,0.922332727120261,0.0769992199843933,0.010268848082233448,[583.34600281]
9,0.735156238079071,0.612500011920929,0.01875000074505806,[665.85039618]
9,0.6276562213897705,0.4124999940395355,0.07874999940395355,[745.52016787]
9,0.8426562547683716,0.012500000186264515,0.038750000298023224,[706.66701441]
9,0.9100638920708033,0.07256821238925351,0.010337822960518035,[584.76493052]
9,0.913894257469719,0.07687327788825593,0.010325331801426944,[585.28465109]
9,0.9129762677524457,0.07043380807578495,0.010755000660197751,[570.0322378]
9,0.5201562643051147,0.21250000596046448,0.058750003576278687,[697.23523154]
9,0.91039991109803,0.07965809077032307,0.010382432475420724,[581.20736348]
9,0.9047604690161626,0.06747525879402272,0.010953833261633376,[587.16778363]
9,0.9004499917881791,0.07778407366877367,0.010407335055065213,[584.08905198]
10,0.9036464292815706,0.07742606074448413,0.010462649669418126,[561.78604989]
10,0.9074748071744969,0.07273065143182433,0.010407207756480352,[591.21652674]
10,0.9053250552751463,0.07548502422753481,0.010322934885564811,[580.02801239]
10,0.600781261920929,0.0625,0.07375000417232513,[794.18520347]
10,0.9047220256742537,0.07508895949149264,0.010322934885564811,[581.67555153]
10,0.5739062428474426,0.7125000357627869,0.048750005662441254,[690.71795697]
10,0.9059760893517932,0.0663235653738591,0.011039679206862942,[580.58080145]
10,0.9248444091096779,0.07674731694914208,0.01038718926612264,[587.96210677]
10,0.8157812356948853,0.4625000059604645,0.03375000134110451,[728.01131564]
10,0.7082812786102295,0.6625000238418579,0.05375000089406967,[707.67722702]
10,0.7889062166213989,0.3125,0.08875000476837158,[794.38674506]
10,0.9036464292815706,0.07759573756542908,0.010468790553732673,[561.55743604]
10,0.8964062929153442,0.512499988079071,0.06875000149011612,[825.5879459]
10,0.9232812523841858,0.26250001788139343,0.013749999925494194,[704.89926486]
10,0.6814062595367432,0.11250000447034836,0.028750000521540642,[670.05165774]
11,0.5335937738418579,0.1875,0.03125,[721.16788862]
11,0.9098437428474426,0.6875,0.04125000536441803,[794.09126674]
11,0.6545312404632568,0.36250001192092896,0.04375000298023224,[691.77787567]
11,0.922475152898049,0.07199032908546059,0.010093683149266371,[561.84909978]
11,0.7485937476158142,0.5875000357627869,0.07125000655651093,[806.96372148]
11,0.9165040698409047,0.07895262344707786,0.010651413027106394,[583.05982894]
11,0.8023437261581421,0.08749999850988388,0.021250000223517418,[642.66263351]
11,0.6948437690734863,0.2874999940395355,0.08125000447034836,[694.68108923]
11,0.7620312571525574,0.16250000894069672,0.0637500062584877,[632.52722795]
11,0.8695312738418579,0.762499988079071,0.08375000208616257,[932.8230783]
11,0.6410937309265137,0.7875000238418579,0.011249999515712261,[678.67348073]
11,0.8560937643051147,0.38750001788139343,0.05125000327825546,[750.10073784]
11,0.9005338160170678,0.08090048519373332,0.010178925738087779,[569.10261052]
11,0.9046082527409466,0.07122155217590329,0.010293192773406488,[600.43486014]
11,0.5470312237739563,0.5625,0.023749999701976776,[710.98162696]
12,0.9118515798588103,0.07884541776682598,0.012759147378822056,[634.00132722]
12,0.9112973191352943,0.0783713125467756,0.014268148972376016,[569.40332882]
12,0.9087948583204454,0.0860322593168445,0.012023663869210093,[579.66218234]
12,0.9141925627243813,0.074894535923502,0.01360144540861347,[601.56775447]
12,0.9062377234868572,0.07903346673938455,0.014295488493674405,[583.67366712]
12,0.9004005357423843,0.08311653291153981,0.015301571457968656,[586.50273358]
12,0.920017633905722,0.07929569173270662,0.011176529819868256,[586.70749571]
12,0.7754687666893005,0.737500011920929,0.05625000596046448,[810.23497846]
12,0.9118515798588103,0.079109041684108,0.016209357742998386,[593.78559036]
12,0.5604687333106995,0.3375000059604645,0.016249999403953552,[717.2981091]
12,0.908893536762252,0.08355173086181351,0.01089781715675253,[587.27730162]
12,0.9229821168020055,0.07282580749932263,0.010970021756830777,[582.37143196]
12,0.9065850338980671,0.07881583814233772,0.010323545399363546,[575.8200073]
12,0.9117882579795425,0.07496369498852581,0.01185308357809258,[569.45720382]
12,0.5873437523841858,0.48750001192092896,0.061250001192092896,[759.52111745]
13,0.9156700167922368,0.07454428896399774,0.010010886567834817,[583.8528977]
13,0.9103965808920296,0.07453385331189437,0.010064880385381647,[572.55194784]
13,0.5067187547683716,0.637499988079071,0.08624999970197678,[801.69036484]
13,0.9072880528817354,0.07683605578798092,0.010390184794780606,[574.99427107]
13,0.9204710797277719,0.07671982578477772,0.010044570133725271,[584.55744744]
13,0.7250781059265137,0.71875,0.08562500029802322,[823.99651623]
13,0.66796875,0.5375000238418579,0.036250002682209015,[690.02676379]
13,0.5100781321525574,0.3187499940395355,0.045625001192092896,[726.45732887]
13,0.8829687833786011,0.13750000298023224,0.07625000178813934,[651.76285752]
13,0.9024442911680456,0.06782263253881739,0.0120691559806002,[598.22074246]
13,0.896872412787876,0.0643943955039023,0.010508408965045657,[558.37760304]
13,0.7217187881469727,0.23749999701976776,0.04625000059604645,[636.87175363]
13,0.8292187452316284,0.4375,0.026250001043081284,[695.24118445]
13,0.6142187714576721,0.03750000149011612,0.06625000387430191,[797.01654898]
13,0.9069481491286546,0.0771947589295602,0.010128545884582764,[572.4073026]
14,0.7788281440734863,0.21875,0.015625,[614.20775281]
14,0.9112581674257834,0.08272908332102587,0.0103566401646683,[578.50955982]
14,0.6175781488418579,0.518750011920929,0.02562500163912773,[657.5034874]
14,0.6713281273841858,0.01875000074505806,0.07562500238418579,[786.51243817]
14,0.9095504731146058,0.07580728991582128,0.01037673182452985,[570.17116549]
14,0.8863281011581421,0.41875001788139343,0.03562500327825546,[741.95123897]
14,0.922913400248807,0.08274637198011182,0.010296285028817428,[616.75067754]
14,0.9115016487837267,0.07869503711913323,0.011355747480787758,[568.88613921]
14,0.899780926097128,0.08272908332102587,0.01003578350822252,[578.6666081]
14,0.9231006575258605,0.07569815044686097,0.0107451562322376,[564.46412832]
14,0.5638281106948853,0.6187500357627869,0.055625006556510925,[740.30210225]
14,0.8325781226158142,0.11874999850988388,0.06562500447034836,[609.13990161]
14,0.9105013668769529,0.07407733845165382,0.010382610445902805,[575.33903826]
14,0.9193042034518752,0.07406382537703851,0.010151439121217565,[571.83192703]
14,0.5907031297683716,0.16875000298023224,0.020625000819563866,[730.1266363]
15,0.923999545941132,0.07202764825174,0.010638491177698063,[581.67559118]
15,0.8895628757220287,0.07318169571708516,0.010649850556788045,[579.14391281]
15,0.899635742804644,0.07934270086263787,0.010299247193856814,[584.85133917]
15,0.9164182662667856,0.07158679341260725,0.010518515230830666,[557.55788485]
15,0.9119840731480918,0.07374724166393694,0.010375368285670537,[579.43990666]
15,0.91768542478314,0.07111393293992564,0.01036893874411401,[583.23021737]
15,0.9132031202316284,0.3687500059604645,0.0806250050663948,[824.21579873]
15,0.91522121077966,0.07200696739752382,0.01018758155487984,[571.36024122]
15,0.9156394959997547,0.07364878222592666,0.010649850556788045,[581.29195371]
15,0.923999545941132,0.07171372749838645,0.010642201752483238,[591.3812174]
15,0.9121672346534673,0.07383965758168608,0.01006421880040058,[573.13371959]
15,0.9121574220969563,0.07111394634610783,0.010390313233120053,[583.61059088]
15,0.8057031631469727,0.5687500238418579,0.06062500178813934,[796.5493839]
15,0.9246745173348879,0.07116170678893238,0.010093363562472046,[559.62963085]
15,0.9105731610654434,0.07228820019156804,0.010492176838282559,[557.56795349]
16,0.6982031464576721,0.768750011920929,0.04062500223517418,[716.03015598]
16,0.7653906345367432,0.4937500059604645,0.023125000298023224,[682.98028505]
16,0.8594531416893005,0.668749988079071,0.010625000111758709,[658.30605724]
16,0.751953125,0.06875000149011612,0.030625000596046448,[682.84362121]
16,0.5503906011581421,0.09375,0.06312500685453415,[771.18170585]
16,0.9083360182693169,0.0706497271269735,0.010655244488011839,[586.20257283]
16,0.6444531083106995,0.26875001192092896,0.05062500387430191,[645.90441617]
16,0.5369531512260437,0.46875,0.07062500715255737,[702.95859304]
16,0.9107952451379268,0.0637936896048091,0.01028313863107455,[588.59212882]
16,0.8987552199453316,0.07072857998806147,0.010330575428895122,[584.80853542]
16,0.9149790550136953,0.0732046296842456,0.01033198041891828,[587.00275745]
16,0.9124418586559657,0.07364323982017165,0.010072878337189799,[562.03871231]
16,0.9118360315886507,0.07181962495103648,0.010163945804948874,[570.04516552]
16,0.8728905916213989,0.29375001788139343,0.043125003576278687,[699.55581156]
16,0.9096040285518847,0.07040529316984563,0.011826243776354927,[556.68973908]
17,0.6578906178474426,0.6937500238418579,0.08312500268220901,[859.25623003]
17,0.6310156583786011,0.14374999701976776,0.03812500089406967,[709.60374192]
17,0.5772656202316284,0.24375000596046448,0.08812500536441803,[667.65104477]
17,0.8982508699791594,0.07770867893856617,0.01050299292910887,[565.95192056]
17,0.684765636920929,0.4437499940395355,0.06812500208616257,[731.68838381]
17,0.9177344803340294,0.07084765462727947,0.010104716067228322,[565.24949394]
17,0.9266406297683716,0.793749988079071,0.05312500149011612,[829.50372314]
17,0.8997656106948853,0.04374999925494194,0.02812500111758709,[626.58210297]
17,0.7922656536102295,0.643750011920929,0.048124998807907104,[738.97072866]
17,0.7116405963897705,0.39375001192092896,0.013125000521540642,[685.62603333]
17,0.9276194492487168,0.07326401307111699,0.010089931574988482,[559.01573775]
17,0.6041406393051147,0.59375,0.033125001937150955,[707.09222724]
17,0.8191406726837158,0.19375000894069672,0.07312500476837158,[658.55585231]
17,0.9139966072018698,0.07054836084647867,0.011416170296485409,[583.08426256]
17,0.9177344803340294,0.07224126563632945,0.010104053903098327,[567.39070843]
18,0.9299714719247497,0.08353020123212997,0.011059309709632913,[561.6910676]
18,0.9299754944754428,0.07372683489316095,0.011058812845298149,[550.75784142]
18,0.9258605270656677,0.08056108354522745,0.011064343347270628,[556.39055611]
18,0.929975289960121,0.10706316220875246,0.011063525853414804,[580.26385998]
18,0.9259333644757972,0.10718703681150087,0.011065961465715767,[575.99230502]
18,0.9256169879582274,0.08097054277764357,0.011078499262211609,[547.22680267]
18,0.9298262981912778,0.08415838554962829,0.011058812845298149,[561.57954193]
18,0.9294891331887009,0.08547745544715443,0.01106438096364959,[562.47388834]
18,0.9272505395199265,0.10739464390290054,0.011063764193695808,[576.98715613]
18,0.9297481215901496,0.08442910165110458,0.01106466935133505,[559.9911409]
18,0.9296409377788801,0.09897039423631693,0.011075403403989962,[562.12321443]
18,0.9241696870160434,0.10867746470225371,0.011064776214240474,[578.70702968]
18,0.9299984364894066,0.08112604202453247,0.011060796903963013,[556.36256783]
18,0.9299274659438037,0.07881135384224393,0.011063623032034047,[553.91965285]
18,0.9293842756570936,0.09637069733966827,0.011065248944901093,[571.50288955]
19,0.8902348220919191,0.5254196179348712,0.01000035744690695,[649.15190183]
19,0.9257427342468312,0.08097054064273834,0.011078499257564545,[547.24531014]
19,0.906529992857095,0.10116075354216508,0.011168326678323329,[592.44625635]
19,0.9258161572017897,0.3120061229265311,0.010000076608323813,[661.44962375]
19,0.9256201965062131,0.08097054064273834,0.011076602134956972,[549.43813126]
19,0.5235156416893005,0.7437500357627869,0.018125001341104507,[759.88508666]
19,0.9242733813774001,0.5156502964775818,0.010000088822025558,[665.74754037]
19,0.8460156321525574,0.543749988079071,0.078125,[831.24879627]
19,0.9261706450689229,0.46726182843959607,0.010000063308728296,[666.65759424]
19,0.8980292702728544,0.38626527028706736,0.010000353495169974,[647.93796218]
19,0.9223735537543452,0.08471927937236967,0.011096325486225132,[578.64827056]
19,0.9282257616700683,0.08098611645609978,0.010972878043854824,[606.80706557]
19,0.9280534796337597,0.07805597825977789,0.011082878871879826,[547.82891315]
19,0.9299256749507663,0.08222163354896858,0.01109666872771457,[574.9375834]
19,0.7385156154632568,0.34375,0.058125004172325134,[736.23426623]
20,0.6780468821525574,0.20624999701976776,0.03437500074505806,[612.69798821]
20,0.7855468988418579,0.0062500000931322575,0.054375000298023224,[718.29623193]
20,0.929808246221908,0.08309778442414234,0.011046353761245886,[566.50731207]
20,0.8392968773841858,0.3062500059604645,0.024375000968575478,[697.1383239]
20,0.7317968606948853,0.5062500238418579,0.04437500238418579,[711.3719543]
20,0.9290276054883609,0.08090573283368914,0.010931361551922359,[599.80285905]
20,0.9298740586440586,0.08142856853276088,0.011050411798791617,[559.35645125]
20,0.516796886920929,0.10625000298023224,0.08437500149011612,[774.7241422]
20,0.5974218845367432,0.35625001788139343,0.06937500089406967,[692.77209685]
20,0.9298216935790784,0.08108888002004225,0.011267246568696182,[607.97439421]
20,0.9218715948180523,0.0810957830025702,0.010931361551922359,[594.67614751]
20,0.8930468559265137,0.606249988079071,0.07437500357627869,[840.07408203]
20,0.5705468654632568,0.40625,0.014375000260770321,[724.8953345]
20,0.6242969036102295,0.706250011920929,0.06437500566244125,[758.11200992]
20,0.9262908625068593,0.08123584621913182,0.01082677615945192,[606.94984295]
21,0.651171863079071,0.05625000223517418,0.019375000149011612,[769.5580833]
21,0.9149594152185395,0.07658396470172593,0.010884172639198539,[599.66094061]
21,0.9214309139648074,0.07658269680904986,0.010968874135054917,[586.28797208]
21,0.7586718797683716,0.2562499940395355,0.0793750062584877,[715.49222248]
21,0.919921875,0.15625,0.049375005066394806,[691.55118392]
21,0.8661718368530273,0.45625001192092896,0.05937500298023224,[804.8237567]
21,0.5436718463897705,0.65625,0.039374999701976776,[678.24547214]
21,0.9023485339801388,0.08426728490274647,0.010858584895635653,[604.32482161]
21,0.9115987278894615,0.07333214374537415,0.010692227998318888,[577.82063681]
21,0.8124219179153442,0.7562500238418579,0.029375001788139343,[718.22048438]
21,0.7452343702316284,0.6812500357627869,0.06687500327825546,[841.07313144]
21,0.7049218416213989,0.5562500357627869,0.08937500417232513,[830.89642584]
21,0.9299198751537663,0.07876524428829525,0.0107919332814471,[577.89824709]
21,0.9177131200358619,0.0888076373919323,0.011037150232532824,[572.97635597]
21,0.5302343964576721,0.28125,0.026875000447034836,[697.95094565]
22,0.9298210787632546,0.10239663535714606,0.011769996389783264,[609.9327504]
22,0.9299078568576635,0.07093912698721577,0.011078499257564545,[550.53951963]
22,0.9284933094869845,0.07093912698721577,0.011078499257564545,[551.80517436]
22,0.9258178053678231,0.07570788671484553,0.011078572285894104,[543.14013299]
22,0.9213483716945795,0.059153261881040566,0.011077853489167455,[579.91997557]
22,0.9289762886397802,0.0787427093232968,0.011078572285894104,[542.33799254]
22,0.9293978605460669,0.07967544403916228,0.01175297772930335,[590.90177645]
22,0.8961581949463465,0.09402182159616282,0.011816313517331029,[574.24838131]
22,0.9184713946198678,0.075592495361712,0.01107778925444892,[550.93751431]
22,0.9299861495597094,0.08844696575921633,0.011788238243026512,[595.34509788]
22,0.9296613456410943,0.07682698439360555,0.011785011386041584,[578.46945223]
22,0.9298907669552223,0.09505954878604653,0.011763059010272478,[612.81780622]
22,0.9245504058171983,0.08041923026829587,0.011789631374348611,[583.18148388]
22,0.9299456030534393,0.06330219051673787,0.011788165507660089,[572.10509038]
22,0.9299990928379918,0.06963812196492875,0.011080338018585852,[553.79762584]
23,0.9277048522787104,0.043842029177086586,0.01053990935772449,[587.82084016]
23,0.583984375,0.78125,0.0768750011920929,[830.75357459]
23,0.9064843654632568,0.581250011920929,0.016875000670552254,[707.3877533]
23,0.9071653308225114,0.04948900242284106,0.010531692530782483,[582.49695827]
23,0.7989844083786011,0.3812499940395355,0.03687500208616257,[712.06718643]
23,0.9280847603645862,0.04366073493610439,0.01055116260837211,[583.72353793]
23,0.9278519780019872,0.07880772419689995,0.011078564527188126,[543.9992041]
23,0.9298803325010847,0.07780308896650162,0.011078569163668395,[543.24519318]
23,0.9293225627042161,0.04259443939697375,0.010533839521205112,[588.36824621]
23,0.852734386920929,0.08125000447034836,0.08687500655651093,[646.61373343]
23,0.6914843916893005,0.18125000596046448,0.05687500536441803,[604.70177698]
23,0.6377344131469727,0.48125001788139343,0.046875,[697.21229881]
23,0.929820406552591,0.07685461801268262,0.011078570818842219,[543.487106]
23,0.9020742667494958,0.04283582456098031,0.010546106650296238,[609.92757902]
23,0.9298661190161264,0.08029856219213334,0.011078569163668395,[544.90049494]
24,0.9298049207790561,0.10237595888034315,0.010733640043885842,[597.3132219]
24,0.929910702997163,0.07747003768545374,0.011078257752426197,[545.29691603]
24,0.9299118109006054,0.09324527047056437,0.01072899493281114,[591.16885537]
24,0.9298049207790561,0.10219621760763445,0.010728233486721875,[592.91966941]
24,0.9289421181419725,0.07591689480371028,0.011078571900725365,[542.73114129]
24,0.8082987731126027,0.07700857223849997,0.01047333220208776,[591.30887583]
24,0.8087541828369414,0.07700857223849997,0.01047333220208776,[590.59203507]
24,0.9299389875888244,0.07589649543838749,0.011072331879343714,[553.15429718]
24,0.9299708339066661,0.09319566482364693,0.010732692470897797,[590.18986924]
24,0.9289409813943126,0.07511097469471259,0.011078567611733774,[540.82099602]
24,0.8330566619915758,0.07881595790719743,0.01047317556050239,[559.78589567]
24,0.9270166010423833,0.07747003768545374,0.011078255930398167,[546.7108838]
24,0.9258798041716656,0.10762969643330055,0.010724207907345637,[605.98188257]
24,0.929564099934748,0.07575442144945613,0.011078571900725365,[542.26989655]
24,0.80399978505642,0.08257732065714794,0.010470660742978984,[585.13151003]
25,0.8296724775990074,0.07675544774988795,0.011818064052172478,[610.61827522]
25,0.9298125852107925,0.07604521682025,0.011078568042454832,[542.81343405]
25,0.844109118221903,0.0766225432860397,0.011818980626199783,[601.2709579]
25,0.852905077211923,0.07052634619730985,0.01182429979309318,[597.10159407]
25,0.8594911677366064,0.08549308423537423,0.010466536924289404,[535.91467149]
25,0.9259199172823351,0.0766117547974925,0.011078567244112492,[543.89607185]
25,0.850410177835758,0.06767769140136527,0.011802163044323773,[597.18631458]
25,0.848222599954856,0.07480999919782647,0.011804022997581414,[595.93114411]
25,0.8157126011317188,0.07493454224367464,0.011808389843942758,[611.10716715]
25,0.859677031803131,0.08062312771813365,0.010471206556019873,[544.22796567]
25,0.9298576131189749,0.07517322621741926,0.011078567244112492,[541.54599692]
25,0.8595431229517868,0.08062312771813365,0.010471206556019873,[544.22791553]
25,0.8494410267067432,0.07052634619730985,0.01181745764144837,[604.99061532]
25,0.8686134590983122,0.08549308423537423,0.010466536924289404,[541.35157716]
25,0.9296327487932137,0.07495244428538825,0.011079818898562861,[541.9900706]
26,0.8595799976733427,0.08943963942493337,0.01045569596310794,[548.10564038]
26,0.854374258546967,0.08926115217576325,0.01046653650701046,[529.79945192]
26,0.8578640945153437,0.098412721621788,0.010466536552067576,[546.59886269]
26,0.856664532699933,0.08578938506431315,0.01046653650701046,[535.41655369]
26,0.8546434034150451,0.09965485061514988,0.01046653650701046,[544.85176663]
26,0.8594132392539554,0.08517850911060629,0.01046653650701046,[537.0878413]
26,0.8598073895845524,0.09602156248328161,0.010466530477987882,[545.81892043]
26,0.8631739585843269,0.08579719347412926,0.01046653650701046,[535.46716765]
26,0.851295523867363,0.09119992049792458,0.01046653650701046,[529.2153222]
26,0.859403713503815,0.08570962717506908,0.01046653650701046,[534.93335231]
26,0.8597136143637164,0.09841242785182218,0.010466536306695926,[547.83587206]
26,0.8545373152304272,0.09307805246816078,0.010466536516800963,[540.08290174]
26,0.8689143551089216,0.0893241626687218,0.010466536574134988,[547.3187849]
26,0.8518310282838645,0.0893241626687218,0.010466536614379672,[527.83367558]
26,0.8593942827027673,0.0998366334307415,0.01046653650701046,[548.80512803]
27,0.8495425841019165,0.08941262113733049,0.010471405305771361,[529.31727367]
27,0.8468289809563595,0.08995352983865158,0.010494050222503642,[542.61698545]
27,0.8434577348760631,0.09032923787325234,0.010482430543559561,[539.6400103]
27,0.848075239955097,0.08994796932123472,0.010489771896310568,[541.52282694]
27,0.8498180470039752,0.08980141760457287,0.010469376366163604,[529.15901489]
27,0.844663687035941,0.08888356396704869,0.010469545761641618,[534.31375434]
27,0.8467949755498569,0.0899054508811941,0.010470996148038968,[530.08682493]
27,0.8488994342392809,0.0893159719430659,0.010471987043270679,[528.78809002]
27,0.8491296625656903,0.08979498377803977,0.01049426983351873,[543.31704487]
27,0.8495425841019165,0.08941262113733049,0.010471401194571659,[529.31555949]
27,0.8446275034375819,0.09095462379126443,0.01049426983351873,[541.13229623]
27,0.8470854777981971,0.0888391752391879,0.010473419303702639,[534.2272122]
27,0.850092193515038,0.09269352194973818,0.010494083133779038,[543.67124311]
27,0.8513408854586256,0.08932966592749052,0.01046695302254028,[526.76783946]
27,0.8467801492524741,0.09054613916553021,0.010471235718558786,[530.00809484]
28,0.8300328371443282,0.10248560379109235,0.010485517168294491,[529.62083992]
28,0.8500926799609587,0.08894095709356725,0.010465132061705138,[530.54627468]
28,0.8257279655041834,0.10402381033885834,0.010485439308981367,[520.75416089]
28,0.8288152218945496,0.10857630693018948,0.010481135269684819,[534.44820349]
28,0.8513939106247692,0.08927416420161316,0.010465152644125206,[526.46748667]
28,0.850113337277385,0.08934432793902645,0.010465287437380266,[526.64455883]
28,0.8257925760514168,0.10248560379109235,0.010485517168294491,[519.31858304]
28,0.8261677563531707,0.10081893540043582,0.010480469622669297,[525.65882874]
28,0.8253097130844729,0.10083933972211122,0.010480469622669297,[525.77493459]
28,0.8257450158116093,0.10866160883554764,0.010485817721709858,[526.40470681]
28,0.8278086828258918,0.10248560379109235,0.010487669769508278,[522.89371807]
28,0.8257925760514168,0.10274619541507307,0.010485517168294491,[518.50249705]
28,0.8287675551072696,0.10864550195556519,0.010483190068311013,[534.55608024]
28,0.8218145914877083,0.11167675694268202,0.010485212596665334,[531.38924402]
28,0.8513939106247692,0.08927416420161316,0.010465163729037543,[526.46969529]
29,0.8204411045243011,0.10290120950142663,0.010485723733020053,[525.85533172]
29,0.8132582449438949,0.10271466203003754,0.010499190637570155,[539.41862906]
29,0.8151611230124727,0.10291140759945716,0.010495594589963103,[529.60408596]
29,0.8169542905240699,0.10291140759945716,0.010495594589963103,[530.29669059]
29,0.8199552654635541,0.10309146444869342,0.0104869981400163,[527.52246951]
29,0.8093249010620359,0.10289433153146456,0.010499160403157523,[538.56209706]
29,0.8079446559569332,0.10311510953611551,0.010495900266574413,[533.24034432]
29,0.8080909268923515,0.10280015526451766,0.010499010211253278,[538.78361857]
29,0.8190259115146058,0.10309321076622482,0.0104869981400163,[526.78618986]
29,0.8074199041049118,0.10335064032287507,0.010508826314300576,[545.90217762]
29,0.8201711478848277,0.10334222708477603,0.01048685739893148,[527.44711521]
29,0.8137835520888334,0.10341376539073313,0.010496359939182794,[530.92906641]
29,0.8080580131651045,0.10274918689215777,0.01049934433244133,[539.47622331]
29,0.809787106847393,0.10282780039861347,0.010498276042605175,[537.75500906]
29,0.8134145930343868,0.10195768789735904,0.010508163616605866,[545.14344414]
30,0.7721093893051147,0.4312500059604645,0.08187500387430191,[786.47571306]
30,0.8259215275708538,0.1027792179303215,0.010485658411483615,[518.54746365]
30,0.5571093559265137,0.03125,0.04187500476837158,[825.1893936]
30,0.7899834294149837,0.11354766072960272,0.01048030903148282,[544.50076259]
30,0.8022024227113522,0.11133800559517637,0.010480298776729187,[543.63121973]
30,0.7797026748072203,0.11307268771342652,0.010477364473950722,[564.41833732]
30,0.7946518711748021,0.11261480085470714,0.010480311582520862,[544.30320196]
30,0.7948626774223784,0.11234298735801566,0.01048098261108124,[544.02909121]
30,0.7894437538990353,0.11341378409116493,0.010480159074641086,[546.24269513]
30,0.8234212423383246,0.10284986545484223,0.01048557191787,[523.36528594]
30,0.8252137862691373,0.10243636714746723,0.010485492959221299,[519.36170693]
30,0.7887636459479439,0.11310442311711227,0.010480159074641086,[549.24362323]
30,0.8259215275708538,0.10371547607599182,0.010485658411483615,[520.88527773]
30,0.7941335885162659,0.11338257682756216,0.010480051337652938,[544.80230281]
30,0.827125199925035,0.1027303599992775,0.010485756036840935,[522.63470011]
31,0.8256362973280176,0.10274972778254468,0.010494126664977123,[527.14005788]
31,0.8074796637153121,0.12506359086761967,0.010509076222246916,[568.76449031]
31,0.8251243648169707,0.10274619609117508,0.010488956034335896,[523.32462203]
31,0.8796093463897705,0.23125000298023224,0.06187500059604645,[781.46826959]
31,0.8262255715195423,0.10270308598309603,0.010494280331189794,[526.27603119]
31,0.8074362137122602,0.12752006324517576,0.010509076222246916,[568.45161984]
31,0.8095467778385678,0.12799400064432617,0.010496160191795563,[543.2885941]
31,0.8258015891209057,0.10448802231198932,0.010493680424686213,[531.71045994]
31,0.8258015891209057,0.10313895370773042,0.0104932944051357,[527.88539901]
31,0.8255675742221568,0.10549012658405924,0.010495864083393598,[538.0107241]
31,0.8258015891209057,0.10313478306089305,0.010488242202758217,[521.37334346]
31,0.8049113185111335,0.12116654028718628,0.010495918438503796,[551.68661681]
31,0.8261626988558203,0.09688105893809151,0.010494187899116911,[526.46813758]
31,0.8257363290325312,0.10274619609117508,0.010489009049016389,[523.12463122]
31,0.8263001161534276,0.10325176509089785,0.010488235207839161,[523.20083711]
32,0.8240814409246899,0.13631150878261314,0.010469890357519086,[560.42251187]
32,0.8139428700533957,0.13789431265930496,0.01046996850039369,[561.16300289]
32,0.8244548832805323,0.13531030880559516,0.010469951434613455,[559.78420799]
32,0.813973394013362,0.1266980778374921,0.010476704543317105,[536.13321007]
32,0.8218591005108982,0.1371370637296254,0.010478632982048638,[559.06932056]
32,0.8257983034232642,0.10385591005798549,0.010486223479074944,[520.18857847]
32,0.8151950215701355,0.12747114185031655,0.01047812134981604,[550.64897535]
32,0.8257558957070572,0.10274539074098274,0.010485515326295308,[518.44079081]
32,0.8238062757359086,0.10274619609117508,0.010485516861081123,[522.60345429]
32,0.8146943673590652,0.13405810875050048,0.01047812134981604,[561.16921014]
32,0.8189015086801328,0.13306087260691032,0.010469402501090264,[559.87342027]
32,0.8237729832869565,0.1353506974504996,0.010478376689570365,[556.69584841]
32,0.8259458601614249,0.10280367074415425,0.010485516690901826,[518.51585046]
32,0.8254850085498865,0.10274446322137823,0.010484874694068403,[519.51919018]
32,0.8242270558449787,0.13485987391528473,0.010470063525316962,[559.63414094]
33,0.8257285370572297,0.1023918623112218,0.010485514998435974,[519.3787127]
33,0.8257285370572297,0.10273765501420279,0.010485514998435974,[518.40498976]
33,0.826139397011512,0.1021288498295986,0.010486277906394835,[520.4638584]
33,0.8256625214928673,0.10225433102705395,0.010487606651103197,[522.24919923]
33,0.8141591898802656,0.11139238913405487,0.010447965421489744,[560.85327563]
33,0.8151863699811563,0.11394738403520246,0.010448014671351778,[561.70371193]
33,0.8141591898802656,0.11533016931705914,0.01044796520810715,[562.1593745]
33,0.815994446313084,0.11443131699133924,0.010447976937560577,[561.00926938]
33,0.8268840454654782,0.1026389830815026,0.010487541863478682,[520.00308131]
33,0.8260919938159103,0.10170374340258193,0.010485905052364568,[521.36242366]
33,0.6108593940734863,0.33125001192092896,0.07187500596046448,[675.95453954]
33,0.8182087981658264,0.11227817941571215,0.010451103174780601,[558.90226252]
33,0.8229573886656489,0.11316131253727155,0.010447976937560577,[557.28151515]
33,0.6646093726158142,0.6312500238418579,0.02187500149011612,[671.12490819]
33,0.8183484226961552,0.11219267105322867,0.010447650515233182,[560.12770502]
34,0.8299177988366283,0.08523622440770615,0.010530808829398393,[573.52020426]
34,0.8257285356521606,0.10268421788711704,0.010487387336667348,[520.64288384]
34,0.8262902680136636,0.08496336424962221,0.010527394072915844,[574.4077018]
34,0.8258593678474426,0.731249988079071,0.03187499940395355,[740.00105131]
34,0.826038013863565,0.08393209132596462,0.010528134277294156,[579.11846076]
34,0.7183593511581421,0.13125000894069672,0.011874999850988388,[658.1707658]
34,0.8259507422723742,0.10298046206255226,0.010485514982709599,[518.01082746]
34,0.8257544701016535,0.10252846146518843,0.010485514687045462,[519.10256299]
34,0.8312930681077413,0.08870981779614587,0.010515390711496552,[549.94491611]
34,0.8312003548193484,0.08865903951744554,0.01052865244466438,[560.08872254]
34,0.8259507422723742,0.10297699031944427,0.010485515067922025,[517.97126583]
34,0.8259175329915825,0.08610277554015769,0.01052863275888574,[572.16635166]
34,0.8259710850172124,0.1022805245149903,0.010485515056988035,[520.2862663]
34,0.8312003548193484,0.08865903951744554,0.010530769725712593,[564.1946597]
34,0.8275169048154692,0.0858029501752863,0.010512452584351786,[555.00799359]
35,0.8689774363243742,0.07304181720580213,0.010512343416435999,[552.39800397]
35,0.8661681016864864,0.08076149420077654,0.01051389003486695,[551.39704478]
35,0.7200390696525574,0.6656250357627869,0.03281250223517418,[717.25877991]
35,0.869420916383432,0.07685551304331682,0.010514170828193352,[557.26397668]
35,0.8661681016864864,0.08076149420077654,0.010514874553709494,[551.48268375]
35,0.8275390863418579,0.06562500447034836,0.012812499888241291,[640.28136683]
35,0.8689357470358783,0.0736738149241039,0.01051416481754191,[555.25101329]
35,0.5033593773841858,0.53125,0.051875002682209015,[723.55123023]
35,0.8261032427425995,0.10325552815340112,0.010486809042032072,[519.86545443]
35,0.8258226613593102,0.10216336970872046,0.010485547839335804,[520.10336785]
35,0.5050390362739563,0.265625,0.0728125050663948,[642.57065343]
35,0.8262492477392048,0.10310621749515506,0.010485703074881086,[520.36168338]
35,0.6125390529632568,0.46562501788139343,0.05281250178813934,[703.08710265]
35,0.8688487715884016,0.08567749209162069,0.01048830932389611,[547.20206344]
35,0.8259507417678833,0.10188965188236472,0.010485934078161173,[520.69648853]
36,0.8260898056157633,0.10182063804737645,0.010485514998435974,[521.42065627]
36,0.8259814633095565,0.10297656930972915,0.010485332581405672,[518.15685947]
36,0.558789074420929,0.765625,0.022812500596046448,[698.36602253]
36,0.7256053695381998,0.0008699998209053951,0.010332110883915446,[767.40619263]
36,0.8259519610295688,0.10297703530386504,0.010485535111176246,[517.97321144]
36,0.8812890648841858,0.565625011920929,0.08281250298023224,[851.85836104]
36,0.8380607689726154,0.0928688756986908,0.010446732061587692,[553.43806523]
36,0.8259516867729043,0.10292968973042475,0.010485544331945118,[517.83911892]
36,0.6662890911102295,0.16562500596046448,0.04281250387430191,[644.87511831]
36,0.7737890481948853,0.3656249940395355,0.06281250715255737,[761.63027891]
36,0.8376818741215597,0.09616904663612778,0.010447065904389624,[549.24369904]
36,0.8259426684028879,0.10297671373778047,0.010485348442296129,[517.88583427]
36,0.8259426684028879,0.10297671373778047,0.01048551655581207,[517.91284869]
36,0.8376330702401271,0.09250539293596893,0.010446732061587692,[554.27465739]
36,0.8259519610295688,0.1029712894728525,0.010485501888918145,[517.94590912]
37,0.8257629086749826,0.10292944740707005,0.010485542490896282,[517.64833571]
37,0.865523382650127,0.05410870091823443,0.010485542375269007,[598.17239881]
37,0.693164050579071,0.6156250238418579,0.07781250029802322,[772.60114492]
37,0.8649034782843148,0.053772767171151044,0.010485542375269007,[598.54743469]
37,0.865523382650127,0.05410870091823443,0.010485542418851536,[598.1723884]
37,0.9081640839576721,0.21562500298023224,0.037812501192092896,[743.60841995]
37,0.8261221278767856,0.10356104468855026,0.010485542423271084,[521.45854873]
37,0.8259012480579966,0.10292888437386659,0.010485511559202045,[517.80860743]
37,0.8665276152481736,0.056937020105342316,0.010485542375269007,[593.79252008]
37,0.8006640672683716,0.4156250059604645,0.01781250163912773,[652.86282674]
37,0.8259577418923585,0.10293029509270063,0.01048554388988446,[517.82367583]
37,0.8633629106264638,0.05093199539869111,0.01048550893329953,[601.24687555]
37,0.8259012480579966,0.10292888437386659,0.010485877071447755,[517.61305377]
37,0.5856640338897705,0.015625,0.05781250447034836,[834.74723141]
37,0.6394140720367432,0.31562501192092896,0.027812501415610313,[646.15342469]
38,0.8544141054153442,0.715624988079071,0.06781250238418579,[883.04216115]
38,0.7882394185776002,0.12993983080166238,0.01048437783841975,[556.39527988]
38,0.8260581251453664,0.10466572407423802,0.01047969418725197,[527.35669542]
38,0.794839892008576,0.13280710597490367,0.010484672690314743,[556.19154818]
38,0.8049051475936296,0.1263689093131043,0.010479750528445287,[556.24199642]
38,0.8258863154590458,0.10349350626064702,0.010485798710134456,[519.92310183]
38,0.8258903777118944,0.10345563885411291,0.010484376273890214,[520.17305413]
38,0.7469140887260437,0.11562500149011612,0.08781250566244125,[668.9250691]
38,0.8258408410760306,0.10292678410416042,0.010485036652145254,[517.98555006]
38,0.7882394185776002,0.12993983080166238,0.010484220956564564,[556.89942834]
38,0.6241288180252673,0.007339837955791092,0.010556388057335784,[822.91059697]
38,0.8132519146368091,0.10464720363526593,0.01047969418725197,[536.37046676]
38,0.794839892008576,0.13088269051736887,0.01047869714674929,[562.98438536]
38,0.8126675275296621,0.10472621983565036,0.010479750572645219,[536.29932282]
38,0.8263705376625925,0.10346398681542011,0.010479681381907868,[524.95325676]
39,0.9278804367268592,8.267484573632754e-09,0.010002789161981511,[659.56236736]
39,0.5453515648841858,0.140625,0.015312500298023224,[773.0773024]
39,0.929982282171534,6.900438767112955e-08,0.010006573828039326,[660.06653692]
39,0.9252848127757081,5.987572949593347e-10,0.010000416607214783,[662.83369973]
39,0.8259012767214747,0.10304575460805902,0.010485874353944104,[517.90154493]
39,0.8259012767214747,0.10284676855907784,0.010485878362359462,[518.07190044]
39,0.9268576238258551,8.040932172879978e-09,0.010006480618709188,[660.61307824]
39,0.5319140553474426,0.515625,0.04781249910593033,[704.62524469]
39,0.7603515386581421,0.5406250357627869,0.05531249940395355,[685.21190272]
39,0.9252857495848416,1.5626357357267026e-07,0.010009798534854737,[660.37103745]
39,0.8241230606011534,0.10399991409811582,0.010485715088832092,[519.79828018]
39,0.8260916470702485,0.1029552899721481,0.010485880924679433,[518.50528233]
39,0.9269400440802085,1.701412331735614e-08,0.010004093826192575,[660.08182148]
39,0.8260915980722695,0.1029552899721481,0.010485861606444043,[518.50314338]
39,0.8258849150328192,0.10296518139487144,0.010485706902211822,[517.48657513]
40,0.5061079922508699,0.0003365893390204389,0.010188073370558662,[892.10187024]
40,0.9216015338897705,0.640625,0.025312501937150955,[714.10036296]
40,0.5197613859640782,0.0024177208643855405,0.010187623028400148,[883.30046381]
40,0.8678515553474426,0.34062501788139343,0.07531250268220901,[810.13445714]
40,0.8258823108834811,0.1029532847570156,0.010486111044653043,[517.27250674]
40,0.8259068296609761,0.10296518355607986,0.010486109604473492,[517.19872978]
40,0.8258502419540215,0.10296518355607986,0.010485702810256564,[517.47895093]
40,0.6528515815734863,0.7406250238418579,0.035312503576278687,[734.35653337]
40,0.8141015768051147,0.04062500223517418,0.04531250149011612,[681.59608179]
40,0.7066015601158142,0.24062500894069672,0.06531250476837158,[694.82512929]
40,0.8264303874973641,0.10243162501847847,0.010485706850886345,[520.50906347]
40,0.8258816494415808,0.10295314853635529,0.010485705879240399,[517.57488635]
40,0.8255508214256773,0.10296518355607986,0.010485706850886345,[516.97120307]
40,0.8255514025880996,0.10204492160230966,0.010486095074988109,[518.98439315]
40,0.5191287741276895,0.0003962301882250003,0.010187623028400148,[884.65445878]
41,0.8295074271499348,0.09681003556179184,0.010485708127357319,[527.73000249]
41,0.8255507946014404,0.10296170147436724,0.010485687353000601,[516.99548384]
41,0.7796272577265754,0.003438259859086551,0.010030074735569623,[736.42131425]
41,0.7801816447639627,0.005126024198979916,0.010002314936579616,[741.11476226]
41,0.8255618273203313,0.10326100325535936,0.010485712449023972,[516.91971606]
41,0.7922147550005991,0.0027845149272981125,0.010006668495038347,[734.64932307]
41,0.825772803183427,0.1029617015154107,0.010486409131614824,[517.127482]
41,0.5057500138051622,0.0011129929958341336,0.010725734105076875,[891.90664813]
41,0.5057500138051622,0.0011129929958341336,0.01071295298042143,[891.0498753]
41,0.8253293326610853,0.10296513715096475,0.010485707164747489,[517.21362471]
41,0.8255566453101499,0.1029617015154107,0.010486409507528332,[517.45988753]
41,0.7821513453165798,0.10279169450304029,0.01051033500244246,[575.88280593]
41,0.8259644470392785,0.10287178003191699,0.010485687353000601,[518.10526681]
41,0.7769126396339877,0.0013815369718773798,0.01000497274316939,[743.04872273]
41,0.825329222870909,0.10296518355607986,0.010485706850886345,[517.19873267]
42,0.5597919451007726,0.0015760893499585141,0.011521716492384928,[865.41069823]
42,0.5215557990838485,0.0002839479209937766,0.011350748603507588,[883.99330053]
42,0.8255591077083722,0.10311638199845913,0.010485712435814974,[516.29145814]
42,0.82545963862084,0.10326100140810013,0.01048501530749202,[517.83667056]
42,0.8260585723653863,0.10326100140810013,0.010485772478324667,[519.97784838]
42,0.6266521442775388,0.0002238537557706154,0.011164435099016061,[834.78042555]
42,0.8255873609137847,0.10311862461398145,0.010485712435814974,[516.32039219]
42,0.8255591077083722,0.10368591181494208,0.010485715008228936,[518.7525422]
42,0.6260287619311583,0.007734427951775702,0.011259286907190604,[824.09858178]
42,0.8255417432475558,0.10301786755580376,0.010485705895013681,[516.71764816]
42,0.8255429544860338,0.10326100140810013,0.010485051910587975,[517.90703194]
42,0.5810205743808128,0.025347638046030727,0.011142205079513329,[829.25956529]
42,0.6307375942690872,0.00033996478022071833,0.011164435099016061,[832.24211692]
42,0.8255452342633893,0.10320721283379326,0.01048570919539074,[516.46746369]
42,0.8255410446500322,0.1031022039529629,0.010485710342806178,[516.33240724]
43,0.8255590796470642,0.10335991697995764,0.010485712438821793,[517.41500781]
43,0.8255734135522397,0.102935589719326,0.010485713171485306,[517.16977138]
43,0.8615799323440628,0.09135936802500715,0.010351037279648138,[571.36763089]
43,0.5991015434265137,0.44062501192092896,0.08531250059604645,[760.2700579]
43,0.8255590796470642,0.10293404866312697,0.010485748284381018,[517.12275253]
43,0.8518648442796011,0.10135000860361945,0.01032355845189702,[583.63545881]
43,0.8257448894747204,0.1029312531654887,0.010485712749518084,[517.53489843]
43,0.8255331370412586,0.10292936458800585,0.010485711096233226,[517.09333919]
43,0.8521897834605573,0.09282992960543512,0.010351374589600436,[578.13693899]
43,0.8512688078797159,0.09082372181201921,0.01035103994789276,[575.37612232]
43,0.8250630381395804,0.10313010820159768,0.010486359164140532,[518.31094669]
43,0.8255734135522397,0.10310814345171225,0.010485713025732446,[516.35028567]
43,0.8252118576360629,0.10306287079981233,0.01048491140435035,[519.42887353]
43,0.8666720435313126,0.09286278062105666,0.010352578694701632,[566.65629998]
43,0.8610579405783169,0.09706245672119432,0.01034603550942644,[573.61681962]
44,0.9282167555399523,0.10962467990174421,0.01017535831281569,[590.08085127]
44,0.9289072336876651,0.10962467990174421,0.01017535831281569,[590.69751928]
44,0.8255755040128795,0.10317343508257978,0.010486241613735507,[516.4356023]
44,0.6797266006469727,0.590624988079071,0.010312499478459358,[674.20541722]
44,0.8255547944403476,0.1042457036986993,0.01048571354078088,[520.25748037]
44,0.8255523791413015,0.10283089776118534,0.010485711230162146,[517.51368904]
44,0.8255764149803605,0.10281640053721304,0.010485680101433803,[517.66345923]
44,0.8256015144841151,0.10286598818347824,0.0104857124683566,[517.53040372]
44,0.9272024484551674,0.12030591091192823,0.01017624505587383,[613.91271638]
44,0.8255315772286976,0.10317392245236218,0.010485691933197205,[516.14018673]
44,0.7872265577316284,0.7906250357627869,0.0703125074505806,[868.56437028]
44,0.894726574420929,0.19062499701976776,0.050312504172325134,[702.27293307]
44,0.5722265839576721,0.390625,0.03031250089406967,[695.49786097]
44,0.9289005718820733,0.10967001565075142,0.010172397527206679,[580.65689727]
44,0.825804353176233,0.10281593743195044,0.010485712438821793,[518.15722404]
45,0.7740980454421829,0.1492908294050596,0.010485420861414683,[568.33867136]
45,0.8255436247779722,0.10333914468524331,0.010485450877325936,[517.36751777]
45,0.8255436247779722,0.10325115431837088,0.010485659305883214,[516.73288992]
45,0.8251467887760998,0.10317321364921195,0.010485392930048463,[518.01604775]
45,0.8258848935637977,0.10316619890109129,0.010484145041044784,[520.02262357]
45,0.8649528090974182,0.12721421079305978,0.010485565287005368,[579.11560349]
45,0.8251250676691929,0.1032015175483305,0.01048537530910764,[517.97892404]
45,0.7772535341571843,0.15360091140293466,0.010472977840341716,[587.29033192]
45,0.7731704438177996,0.15675127632590447,0.010485645838297518,[583.20473014]
45,0.7871519340963495,0.1617347201116185,0.010488390361877294,[589.87675973]
45,0.8259363380260767,0.10296606264045892,0.010485576066527268,[517.78508804]
45,0.7794507676804173,0.16194812277691883,0.010485576066527268,[590.70312776]
45,0.7704001511463179,0.15532994620680857,0.010486631048788575,[581.20430802]
45,0.7719539868781753,0.1509532789135596,0.010486629516629542,[568.2965323]
45,0.7589497699009159,0.14874879235988492,0.010485645838297518,[580.92163786]
46,0.8255041772969537,0.10321537265941304,0.010485691949725151,[516.18375695]
46,0.8255833434032392,0.10317634777137005,0.010485906729219575,[516.42864943]
46,0.8238780226934156,0.0761049677360663,0.01028071225659435,[612.53445454]
46,0.5184765458106995,0.690625011920929,0.06031250208616257,[722.88996162]
46,0.8255380174433408,0.10317754108978631,0.010485698242456307,[516.21531945]
46,0.8255833434032392,0.10317634777137005,0.010485906474783917,[516.42883436]
46,0.8255833434032392,0.0039049121442549517,0.010656819001886482,[712.52546146]
46,0.8310444080678298,0.006770020995367436,0.010742203952277126,[704.13566047]
46,0.7334765791893005,0.2906250059604645,0.02031249925494194,[650.72253396]
46,0.525195300579071,0.05312500149011612,0.03656250238418579,[829.76169788]
46,0.6259765625,0.09062500298023224,0.08031250536441803,[744.61516957]
46,0.8318735092935535,0.001696330802611272,0.0106571919143954,[710.64919131]
46,0.8409765958786011,0.4906249940395355,0.0403125025331974,[725.62598977]
46,0.831111864441058,0.0049550302296606594,0.010677762491080982,[707.23772244]
46,0.8272049353128929,0.00017267773457601057,0.010679287775208126,[713.87028832]
47,0.9275222124997978,1.1574226932374167e-07,0.010349691961160002,[651.35416194]
47,0.9293285019700459,2.8355956281582834e-08,0.010313193320328654,[652.51375409]
47,0.9273697494317633,6.587397179426641e-09,0.010335044795596847,[650.75626951]
47,0.9243533743139539,1.6424489552446754e-07,0.01043243501067117,[657.87967939]
47,0.8252718522731417,0.10213231308803736,0.010485690997683306,[519.2264983]
47,0.8255278504601024,0.10317391902208328,0.010485691949725151,[516.09433137]
47,0.9075771660232274,7.51425318492355e-07,0.010002509317778975,[669.34994432]
47,0.9239817429816589,3.5325263570032096e-07,0.01038316032100617,[647.16335905]
47,0.8252709586479642,0.10213231308803736,0.010485691766352478,[519.22597032]
47,0.8255210679439323,0.10317391902208328,0.010485691949725151,[516.03850451]
47,0.8257310073688559,0.10314162779005717,0.010485692008982663,[517.42862381]
47,0.9246815667387647,4.899006830600752e-07,0.010492068392833388,[650.74982465]
47,0.8260982919471056,0.10213606111008705,0.010486909706701296,[520.69274478]
47,0.9298060927866091,9.434730080065513e-07,0.010004821853080973,[659.79787735]
47,0.9273843700349359,5.213021725632136e-06,0.01010103548213274,[667.01588202]
48,0.8246568825984737,0.10297910717968535,0.010485691949725151,[519.69084238]
48,0.8254180273268562,0.10315985477979432,0.010485691949725151,[516.10771842]
48,0.5442965808334316,4.9599067424144715e-05,0.011811464116311452,[873.66526982]
48,0.8255217105623666,0.10297627230921691,0.010485691949725151,[516.85434586]
48,0.6530572738928989,0.0003625057201742943,0.012075161853394144,[816.02969022]
48,0.8253441238970597,0.10323703242535952,0.010485691949725151,[515.95074097]
48,0.5377198419565595,0.11833775672333487,0.010320770078576144,[768.86588252]
48,0.8254828532189471,0.10315537217532272,0.010485691949725151,[515.90945641]
48,0.8253451254138219,0.10297760406331784,0.010485691949725151,[517.14516664]
48,0.8246568825984737,0.10317967099113123,0.010485691949725151,[519.14227274]
48,0.8255210518836975,0.10317298703105951,0.010485691949725151,[516.03174041]
48,0.8255195180469884,0.10297627230921691,0.010485691949725151,[516.84881404]
48,0.6518257177850233,0.023006347666881366,0.011809795551335687,[774.27941595]
48,0.825479964961626,0.10300459477000938,0.010485691949725151,[516.6146371]
48,0.5773588890789052,0.11232990612790901,0.010320530603619432,[756.41610923]
49,0.9292727490683652,0.4350133130773194,0.010000002602209054,[668.0425814]
49,0.9292833125081357,0.5485344266720571,0.010000002623615336,[669.10710916]
49,0.6326953172683716,0.653124988079071,0.01656249910593033,[671.92572925]
49,0.8249264644640794,0.10315537854976564,0.010485676559165545,[518.3346174]
49,0.8255112331903633,0.10315537452697754,0.010485691949725151,[515.96107074]
49,0.825649172318871,0.10315537452697754,0.010485691949725151,[516.91916864]
49,0.8476953506469727,0.25312501192092896,0.056562505662441254,[756.24144215]
49,0.9299852208004175,0.4169601783876153,0.01000000059817387,[667.88605098]
49,0.8249523954960155,0.10315672264510628,0.010485691949725151,[518.20216214]
49,0.9295123338358556,0.5502451992721777,0.01000000075059498,[669.24517296]
49,0.9299760800548212,0.4291374792703032,0.010000012432476241,[668.25739402]
49,0.6864452958106995,0.3531250059604645,0.08656250685453415,[770.15816844]
49,0.7401953339576721,0.453125,0.07656250149011612,[759.10955801]
49,0.825744822973142,0.10315831910665531,0.010485691949725151,[517.62637296]
49,0.922448320672844,0.42555216469903717,0.00999999987164429,[663.24859019]
50,0.8250194955226939,0.10315537452697754,0.010485628807835526,[517.79761556]
50,0.8462366813381513,0.11511240854113361,0.01044571732575876,[551.76750844]
50,0.8268067312807966,0.022513802366514468,0.010183071127775426,[663.93476833]
50,0.8429314486656148,0.12066048058072863,0.010425548649634794,[568.08178321]
50,0.8443009520636117,0.11010354189608443,0.010448649728744189,[549.00537726]
50,0.825176275703449,0.10315537452697754,0.010485628063571738,[517.05853617]
50,0.8515548973129297,0.12133812090763173,0.010425301043647828,[563.9347581]
50,0.8256075898981382,0.10318417714881657,0.010486190674902326,[516.49840213]
50,0.8254457173018476,0.10315490772142535,0.010486218942424873,[516.19270221]
50,0.8470744833822481,0.12106144809348766,0.010417613280705161,[566.95584618]
50,0.825177407521707,0.10318471800405513,0.010485691949725151,[516.74711885]
50,0.8254216648263717,0.10315537452697754,0.010485517747605104,[516.5862491]
50,0.8463113954110654,0.1230990393978307,0.01042564440500619,[568.72570005]
50,0.8462307913489642,0.11766584707972119,0.01045006691228003,[553.74346486]
50,0.8251028649852764,0.10315537452697754,0.010485524930740045,[517.90924001]
51,0.8354696228337806,0.09985470200531638,0.010504421602677987,[552.33829216]
51,0.8523311238741607,0.10827708567444409,0.010513189277282228,[551.93580113]
51,0.8354696228337806,0.0998839703348434,0.010504421602677987,[552.40518411]
51,0.7650885939809327,0.0001459383785968479,0.010464692292551633,[750.64933814]
51,0.7932187599053672,0.009433549393365135,0.010473133459214306,[724.91243425]
51,0.8255016615574394,0.1033190416105058,0.010485612539829946,[516.83534016]
51,0.833306027003477,0.09917388355961555,0.01050444034737787,[548.71029568]
51,0.84177283831586,0.10210595417789005,0.01051339620775995,[557.02937621]
51,0.8340018805298306,0.09985490577503887,0.010503046449678257,[549.35049472]
51,0.7650885939809327,0.00018045740792630468,0.010464692292551633,[750.63810513]
51,0.8310949375776512,0.09985490577503887,0.01050338737626551,[549.59607921]
51,0.8255691495138274,0.10313716781054791,0.010485534484046096,[516.24275931]
51,0.8252364405726961,0.10316672398718234,0.010485536065518788,[517.15659917]
51,0.8254922149250908,0.10315537452697754,0.010485613256176947,[516.0280181]
51,0.7781863998891838,0.005130391730613409,0.010473103222914578,[733.59548714]
52,0.788328365651211,0.004440888754384555,0.010906758283216807,[733.75739724]
52,0.5277165227223197,0.0004465259678406283,0.010414552208268908,[882.37993506]
52,0.8254454180117707,0.10359671758137427,0.010485691949725151,[517.85515771]
52,0.7896487011713373,0.01491493072459449,0.010880237090941849,[724.27450555]
52,0.8249921091086851,0.10313513225664202,0.010485692015382405,[518.09424659]
52,0.821889351415552,0.0919408126759524,0.010485691987737843,[534.12243432]
52,0.534711927170279,0.0015594685620611167,0.01042292588677012,[878.93671162]
52,0.8259466771568148,0.10314418431834875,0.010485692033849935,[518.86210682]
52,0.8184937404810244,0.0916534212218861,0.010485710547794447,[537.44436667]
52,0.8254633921827013,0.10313513225664202,0.010485691659325976,[516.05488277]
52,0.7919355137447501,0.004387218483543799,0.010858726459556578,[730.43336302]
52,0.82562968746001,0.10314194312000309,0.010485691949725151,[516.68199253]
52,0.819396601766234,0.09166034029821114,0.010486460902250649,[534.93738284]
52,0.8193188068602567,0.09165181384886557,0.01048569016444562,[536.01549031]
52,0.8218436934935054,0.09268096356911805,0.010487733020467885,[534.72856813]
53,0.5634779973716721,0.17323933779317238,0.010008507780490485,[770.9981325]
53,0.8254828453063965,0.1028911798400596,0.010485539421659338,[517.42734316]
53,0.6654231461292285,0.1678808049282455,0.010002731210063169,[680.28274259]
53,0.5336407657643002,0.18718203345487736,0.010009906544308748,[784.29318539]
53,0.5905808459532064,0.1867265989802841,0.010079525681681786,[727.93395919]
53,0.8254828453063965,0.10315089768360135,0.0104842347156706,[518.84457851]
53,0.557803617588497,0.17193991307292056,0.010022846086117004,[772.09027676]
53,0.5149953636253295,0.21331409046683802,0.010048258419554403,[790.85944785]
53,0.5785905407137568,0.19038981319491788,0.01002549938006076,[754.54436568]
53,0.6015137394976982,0.18226229578027536,0.01000124904925303,[745.58857534]
53,0.8254828453063965,0.10298707523147577,0.010485691949725151,[516.70167854]
53,0.6134466201716191,0.18081102133366075,0.01000124904925303,[735.69613853]
53,0.5860059848077858,0.16491260534668728,0.010081593326226677,[738.65268739]
53,0.8254828079299781,0.10289263687548095,0.010485691949725151,[517.0848577]
53,0.8254828453063965,0.10289263687548095,0.010484111860184274,[520.93867352]
54,0.8254825019227578,0.10315210165804133,0.01048555759013785,[516.22477779]
54,0.8247855026862779,0.10332069026850219,0.010485572130048254,[518.33371469]
54,0.8255066688880374,0.10392389520986979,0.010484439228958593,[521.59670871]
54,0.8246646586490837,0.10315537452697754,0.010485572130048254,[519.064193]
54,0.5299527750819321,0.007582825809006178,0.01259561239105756,[880.40323607]
54,0.528467527164023,0.00048682978578753686,0.012546030666488895,[882.07913364]
54,0.571721684893676,0.009302128835178485,0.012509789837142305,[854.06359088]
54,0.571721684893676,0.00685946228774359,0.012509789837142305,[856.40319659]
54,0.8255006225678475,0.10355198540720674,0.010485261143910343,[518.68641921]
54,0.6026953040701827,0.01070852555296473,0.012584580756353358,[839.88377383]
54,0.5828371431020795,0.00186229623339571,0.01254518235031513,[855.63250874]
54,0.9014453291893005,0.753125011920929,0.046562500298023224,[785.57967839]
54,0.7939453125,0.15312500298023224,0.02656250074505806,[593.32864165]
54,0.8254761522931,0.10321938950418778,0.01048516526577842,[517.29538775]
54,0.8244978889540618,0.10304382534953407,0.010485579812609143,[520.03395977]
55,0.8254760276787999,0.10309953234760287,0.010485677977837221,[516.25274138]
55,0.8254756956200235,0.10315282649509391,0.010485691949725151,[515.91098769]
55,0.9298375184757146,0.7624514352068411,0.010000020478949297,[669.93777826]
55,0.8254756956200235,0.09858752142828167,0.01046901627910892,[535.44831685]
55,0.9298229885285539,0.6965482630800177,0.010000019339819305,[669.91351315]
55,0.8254822990108145,0.10314007723639401,0.010485691949725151,[516.0013139]
55,0.8321581107840784,0.09858752142828167,0.01046901627910892,[526.8518691]
55,0.9299561003121251,0.7966949855612632,0.010000020478949297,[670.01030614]
55,0.9271664917324759,0.6954522662080066,0.010000036995679086,[668.36901995]
55,0.9278651944852927,0.6936654501024511,0.010000025364462876,[668.7927716]
55,0.8255002587500049,0.10314054564691534,0.010485692687656801,[516.05021227]
55,0.8258411711868567,0.10315282649509391,0.010485691949725151,[518.24027591]
55,0.827681421796504,0.10110636483567145,0.010468663554410715,[533.33893766]
55,0.9281118081678108,0.7902273935721184,0.010000018173020358,[668.96343672]
55,0.9289315039286791,0.6874659462660218,0.01000001962455768,[669.41283269]
56,0.842625129469084,0.10253942362654633,0.010472146888468257,[534.85355337]
56,0.842619227138638,0.10314972174768715,0.010473026965049313,[534.79550626]
56,0.8565232804681893,0.10213634585249742,0.010560270375907264,[593.36533499]
56,0.8594536582400033,0.09518209452443538,0.010551148669045534,[568.6183081]
56,0.8254058733354441,0.10315523799744078,0.010485904865930689,[515.63757839]
56,0.8575572434203701,0.09707287327462576,0.010546527099928999,[568.53671986]
56,0.8428062510326032,0.10745033119213498,0.010477645654810852,[548.81248629]
56,0.8283007310576637,0.002255923696425396,0.010341955273898489,[713.14488978]
56,0.8400623923362115,0.09656922125780315,0.010473599959575842,[527.75216424]
56,0.8599300382965811,0.10337019533439123,0.010549395070330408,[578.19436546]
56,0.8428494108579895,0.10384116870512057,0.010477661320222964,[543.9782486]
56,0.825493861410644,0.10301972472749378,0.010485691949725151,[516.5819225]
56,0.8422630164652337,0.10307933605614711,0.010475742139001515,[534.83935763]
56,0.8278077683784975,0.008411261025135834,0.010336750498810577,[706.83420569]
56,0.8650122185945542,0.09651942374862409,0.010555902465495695,[594.64132389]
57,0.7679927096735369,0.1388001958723748,0.010542070392272914,[586.33888365]
57,0.8256277768856948,0.10303880411714729,0.010485906536755567,[516.65410773]
57,0.8129793529151002,0.11608299890773635,0.010485031286189163,[544.54850084]
57,0.7697898989678013,0.13183445350943684,0.010525989114130394,[584.7886538]
57,0.7670014748427852,0.1344196112599871,0.010539102772029128,[585.66268916]
57,0.8126956825973317,0.11604625979957882,0.010485031286189163,[544.7715074]
57,0.8254058957099915,0.1030382678037266,0.010485905222594738,[516.14519054]
57,0.7697898989678013,0.1318018641947274,0.010525989114130394,[584.65546166]
57,0.7839931989176542,0.0028515977225283366,0.011207812966629949,[738.42035334]
57,0.7725914335561712,0.13932202459656645,0.010542804035608193,[581.30934649]
57,0.781226698118425,0.007736532286731851,0.011210682195278304,[741.62066257]
57,0.8256269036056452,0.10303853151600359,0.010485914815136324,[516.64796356]
57,0.8254058957099915,0.10304467852093586,0.010485908972040305,[516.11336964]
57,0.8254061273802401,0.10303739043702959,0.010485905222594738,[516.14983572]
57,0.770718833860523,0.13175852663411933,0.010530891705568417,[583.16325879]
58,0.5003080372333184,0.11042671228344324,0.010485705205081242,[821.96301604]
58,0.551094357768932,0.1090897003558072,0.010485670389999114,[786.913527]
58,0.8369554821246105,0.1031552404165268,0.01047331589362274,[526.33285793]
58,0.8700560486002619,0.10315529992194943,0.01040436760874106,[565.12463147]
58,0.8368636352927188,0.10315329216212682,0.01047331586569765,[526.04256142]
58,0.5010455644530666,0.09786273253713308,0.010486832254651485,[831.9685733]
58,0.8690095358776263,0.10901149867260028,0.010402038043916428,[555.76789103]
58,0.8367993875750366,0.10307905910142405,0.0104727937757696,[525.42896194]
58,0.8254058957099915,0.10315442788995559,0.010485674934828958,[516.23548596]
58,0.8367417135357259,0.10315327683548381,0.010470269144575073,[523.81373878]
58,0.8369386864365341,0.10314799573355815,0.010464868783485761,[523.83531495]
58,0.5554826703950252,0.1102095056337148,0.010485881467353502,[784.70485547]
58,0.8659050778714928,0.1029270907324787,0.010403292413772787,[558.81246094]
58,0.5215966382438935,0.1032455524651531,0.010486538906261418,[805.8116849]
58,0.8648490726831859,0.103479097936542,0.010408591119978373,[571.09264631]
59,0.8682656915006045,0.1025731345812024,0.010379763516508381,[555.71242273]
59,0.8254053960170178,0.1030922461185814,0.010485860251161485,[515.9616582]
59,0.8256455460484571,0.10318505212145032,0.010485899539155108,[516.95836846]
59,0.8251068125694837,0.10318742676589038,0.010485906996156485,[517.5076051]
59,0.8625964879636749,0.10294913497958123,0.010379840322389127,[555.26834091]
59,0.8678060802330826,0.10619455573143696,0.010379534607509231,[559.98128912]
59,0.8684123513679205,0.0989632265018551,0.010379258709387683,[556.87983026]
59,0.8655275972759362,0.09774275520122873,0.01037994015602774,[555.02300675]
59,0.8682405421016436,0.0976708311588722,0.010379375701080348,[553.88077427]
59,0.8665311002738944,0.09556949703957936,0.010379896699865667,[555.31476292]
59,0.8254116591615891,0.10315413421208226,0.010485809760919283,[515.83873187]
59,0.8005426867319251,0.09809651846918431,0.010485906885836994,[545.23407247]
59,0.8251134481944431,0.10339853827874153,0.010485795952030644,[516.74793886]
59,0.8022762909340522,0.09809651846918431,0.010487206179118504,[543.39576104]
59,0.8254156205648439,0.10308101137530265,0.010485904191981572,[515.97254108]
60,0.9297407865015147,0.3852801082048287,0.010000120611735575,[666.643952]
60,0.8373561108292017,0.09673821748974677,0.010461243472201927,[532.99025874]
60,0.8372950485902292,0.09671935372172874,0.010460832649374727,[533.68944784]
60,0.8390754014220944,0.09699759525618054,0.010462605562230052,[522.64266825]
60,0.8740922933016295,0.09699866116535846,0.010511132175661185,[557.72208864]
60,0.9296324657531037,0.4608185622473132,0.01000000860672435,[668.63069135]
60,0.8677392258542318,0.0937622235090431,0.010513388640402832,[553.98258926]
60,0.8681177244452903,0.09551864321417633,0.010514328016762515,[553.38625162]
60,0.8382221443343784,0.09552620724305036,0.010462322961531654,[525.41890615]
60,0.9293129091255538,0.4740256192655149,0.010000008600748768,[668.60942485]
60,0.8254058957099915,0.1031552404165268,0.010485889678332907,[515.64821966]
60,0.8592126238025499,0.09199955236813041,0.010514328016762515,[547.97436542]
60,0.8390371239836467,0.09699759525618054,0.010462608554151797,[522.58129768]
60,0.8740922933016295,0.09694031930090423,0.010511026049899966,[557.66448525]
60,0.8255544292600338,0.1031552404165268,0.010485889678332907,[516.08218541]
61,0.8254057670340584,0.1031552404165268,0.010485905222594738,[515.63764456]
61,0.9283202886581421,0.0031250000465661287,0.0715625062584877,[676.47594031]
61,0.8208203315734863,0.6031250357627869,0.05156250298023224,[728.88285839]
61,0.6641213135433677,0.005671760577123816,0.010004457129571,[796.0977115]
61,0.8254058957099915,0.1031552404165268,0.010485905222594738,[515.63815506]
61,0.6058202981948853,0.203125,0.011562500149011612,[643.0972742]
61,0.6679115798830242,0.0033200782138673064,0.010035647298352145,[794.64586629]
61,0.6567916421339831,0.009948730652162438,0.010001444982733526,[796.18071411]
61,0.6748343928144455,0.004751219180272764,0.010019702429524288,[791.55136488]
61,0.6559774265673938,0.00467830495653699,0.010026835408258382,[804.37931557]
61,0.6698565507897857,0.005524958072386554,0.01000251145736736,[793.09766532]
61,0.5789453387260437,0.5531250238418579,0.06656250357627869,[740.29300043]
61,0.6689125177328105,0.007799802210210756,0.010041283308750986,[786.74245442]
61,0.6567916421339831,0.002415769638713308,0.010004659559703895,[810.27479071]
61,0.7133203148841858,0.40312501788139343,0.031562499701976776,[709.57588019]
62,0.7489149909841182,0.00029732494532844125,0.010647743349671187,[757.24178867]
62,0.7670702934265137,0.3031249940395355,0.041562505066394806,[702.1018578]
62,0.5520703196525574,0.703125,0.08156250417232513,[719.4054389]
62,0.7500223505443412,0.00016590498725400227,0.010689430726708863,[755.20668426]
62,0.7470286686401384,0.003244557915446459,0.010689518109244326,[754.02267255]
62,0.7461307340356964,0.002249341552853371,0.010661947643077211,[757.56352293]
62,0.8745703101158142,0.503125011920929,0.021562501788139343,[614.37824792]
62,0.7504737551941193,0.00791616573154078,0.010636602905036948,[743.20696167]
62,0.7478366535802891,0.00031526426655463253,0.010680979554511407,[757.11706395]
62,0.7442881518409221,0.00012109612247957537,0.010629192412865503,[760.90299015]
62,0.7545869538185235,0.010652287487832344,0.010681697526702137,[744.36312202]
62,0.7537147748328075,0.00047591843538984015,0.01063559041960589,[752.73722207]
62,0.7478388415660652,0.0183474112795851,0.010689430156491996,[742.07467526]
62,0.6595703363418579,0.10312499850988388,0.06156250089406967,[707.9151962]
62,0.7500223505443412,0.00033520145163852815,0.010689430726708863,[754.95545365]
63,0.6998828053474426,0.02812500111758709,0.024062499403953552,[763.29881483]
63,0.6461328268051147,0.528124988079071,0.07406250387430191,[712.86700397]
63,0.5392103486614075,0.0021150605207377804,0.012247777551710831,[875.96776878]
63,0.5386328101158142,0.328125,0.05406250059604645,[679.01840778]
63,0.5159896840566994,0.009250054967005983,0.012249987661193819,[882.06645121]
63,0.5183006867296771,0.0012062644740974387,0.012248257650247387,[885.10566539]
63,0.527729899416216,0.002750656085644749,0.012249231892010557,[880.59534007]
63,0.8073828220367432,0.22812500596046448,0.08406250178813934,[724.59854733]
63,0.5136069901188622,1.946825473168537e-06,0.012290982831324737,[889.70198929]
63,0.5245863519812567,0.0003358967548154766,0.012273653522018422,[883.62252583]
63,0.7536327838897705,0.7281250357627869,0.01406249962747097,[694.29252875]
63,0.50668170384046,0.0029849726163006314,0.01225057916065347,[889.42182269]
63,0.5007413501103735,0.0002804269892849082,0.012199638917849987,[898.02034678]
63,0.9148827791213989,0.4281249940395355,0.06406250596046448,[834.95853863]
63,0.8611328601837158,0.12812499701976776,0.034062501043081284,[629.1939233]
64,0.9246576290220289,0.09252230076782025,0.01006918066990842,[602.9756261]
64,0.8145144866144566,0.12155488691946392,0.010469849756828848,[540.57924716]
64,0.8322097036573568,0.12157925918890698,0.010469849756828848,[541.8179275]
64,0.8254058957099915,0.10299170228792681,0.010485905222594738,[516.34717096]
64,0.9260884329998005,0.0648828410450239,0.010068702845351165,[568.70696111]
64,0.8254055819170459,0.10296613627755712,0.010485905222594738,[516.44969111]
64,0.9298691845533174,0.07308869845875265,0.010069177167613713,[572.77303081]
64,0.9295626018017642,0.062367636386403066,0.010068702845351165,[570.86250643]
64,0.8145144866144566,0.12147351751759075,0.010469849756828848,[540.83727398]
64,0.8338872577576307,0.12101330486322029,0.010465274185459582,[545.40856493]
64,0.9299222144244049,0.06523884920454043,0.010069162575601974,[566.58226357]
64,0.8148101475957137,0.12155369358374248,0.010469849756828848,[539.59924463]
64,0.8307956956748792,0.12035161593764708,0.010470186160145766,[540.08983633]
64,0.8253930511765526,0.10299187842341416,0.010485905222594738,[516.34257855]
64,0.8254167090436632,0.10311987857629482,0.010485905222594738,[515.77586688]
65,0.9256140314432252,0.09378294247105753,0.010158553230343759,[567.38261332]
65,0.8436021032466164,0.09726951981649662,0.01045926012059191,[538.50986549]
65,0.8459201334889603,0.09325263765871465,0.010458476529858788,[532.52778918]
65,0.9198203631330638,0.09380583560957806,0.010161526402990843,[559.38896825]
65,0.8457316443168577,0.09740474058459497,0.01045808276350491,[540.28609272]
65,0.8440771101849305,0.09518985308360177,0.01045925142966723,[538.28100883]
65,0.8477462481101966,0.09807355098651296,0.010456307421703547,[543.41476824]
65,0.8253970296917533,0.10294237468212125,0.010486011188511252,[516.56677332]
65,0.8470164072061117,0.07547934098129266,0.010507310675281356,[568.4944595]
65,0.8441243843925313,0.09518985308360177,0.01045926012059191,[534.66115773]
65,0.8254062701758598,0.10314979944543264,0.010485824466771043,[515.85852373]
65,0.9299102041809632,0.09384634379104355,0.010161082978110983,[573.5674534]
65,0.9250114986134222,0.09563364003224112,0.010161526402990843,[569.43045566]
65,0.8459232994079257,0.09454713859123252,0.01045926012059191,[537.26666066]
65,0.8467706631187206,0.09562855532335782,0.01045636545579637,[543.59035325]
66,0.8255454976489786,0.1030005605035752,0.010485905222594738,[516.68963734]
66,0.8391945918187124,0.09568691408325637,0.010467473259387555,[525.52273733]
66,0.8856164579153875,0.0903011582540771,0.010162932435326686,[558.17522659]
66,0.885374188208488,0.09030489330153055,0.010162932435326686,[558.80983338]
66,0.5923827886581421,0.628125011920929,0.044062502682209015,[680.09843329]
66,0.8391335394662104,0.0957213965771464,0.010467472993579975,[525.41961286]
66,0.88709478829028,0.09019076656703948,0.010160875099488044,[558.86669281]
66,0.8856164579153875,0.0903011582540771,0.010160654886935926,[556.37136667]
66,0.8847175801325998,0.09276984171832992,0.010160555486435581,[561.90662523]
66,0.8253544575765485,0.10298714238962015,0.010486052617303185,[516.51049772]
66,0.8859560798147924,0.09025989413156871,0.010160545701787585,[556.98932738]
66,0.8922332614013401,0.09331192550872629,0.010164993877181668,[564.88668991]
66,0.8912430988063091,0.0902067785668017,0.010160872597579371,[561.59241899]
66,0.8254037485375874,0.10311976021633129,0.010485905222594738,[515.74295048]
66,0.8899209271167345,0.09327109894195806,0.010163063394881065,[561.27250948]
67,0.8254058957099915,0.1031546893694172,0.010485905222594738,[515.64128055]
67,0.8254058957099915,0.10319246770555059,0.010485905222594738,[515.41798955]
67,0.8340542096489559,0.0879347170296684,0.010492992927888864,[527.92798666]
67,0.8254059088662781,0.10319242853023827,0.010485903276094338,[515.40401297]
67,0.8340542096489559,0.08746457858100955,0.010492991959349303,[529.96654784]
67,0.8794492442019831,0.07512781133458434,0.010475448295688855,[554.30880977]
67,0.832266415419789,0.09150973990817882,0.010477380273267401,[535.04155256]
67,0.9109024118060939,0.09841972142401376,0.010148381148420028,[581.87978186]
67,0.8946160743231057,0.08947893224348595,0.01014842182559833,[569.05370616]
67,0.8254058957099915,0.10328687738465159,0.010485905222594738,[515.74038927]
67,0.8790822295452926,0.07518533790525579,0.010485905222594738,[558.55548261]
67,0.8252600657034079,0.10306438305135336,0.010485905222594738,[516.66311407]
67,0.831880598511518,0.0887683005176212,0.010485905222594738,[537.03155308]
67,0.890729645719206,0.09006279655138018,0.010148159042760282,[568.99823979]
67,0.8999642350173217,0.09373519020245577,0.010148435306874242,[571.67525569]
68,0.9299141399973264,0.09128922244989231,0.010089228323533922,[599.26641346]
68,0.8254020462993595,0.10316373661192266,0.01048590330164782,[515.58083703]
68,0.9277789534501034,0.09513364303185326,0.01009172935668929,[601.70103778]
68,0.8255810502881288,0.10316389829681753,0.010485903359949589,[516.32923958]
68,0.8650613955896939,0.10315346907511962,0.010490800115040295,[553.06501465]
68,0.8642836184388585,0.10286382770374114,0.010487677937368392,[555.00729451]
68,0.9298846845819674,0.09480023803892479,0.010093288485383961,[604.20488072]
68,0.8254058957099915,0.10316436287691887,0.010485799912044532,[515.83243855]
68,0.9280929182738695,0.09480023803892479,0.01009175545258369,[601.33392479]
68,0.8647476669875463,0.10319220523252963,0.010485663247109981,[554.55088843]
68,0.9282463918129275,0.09915888003638977,0.010091371448298057,[601.7158031]
68,0.9292127078820063,0.09476002813666058,0.010091696463653146,[602.22950129]
68,0.9277789534501034,0.09514949057369082,0.01009172935668929,[601.71090647]
68,0.8254056822045557,0.10319336563376706,0.010485872438738018,[515.44778204]
68,0.9298377283674973,0.09516134588244152,0.01009172935668929,[602.75851018]
69,0.8117309623958006,0.09863058593672872,0.01048590332469984,[539.23349634]
69,0.825407612029515,0.10315854462707985,0.010485903305550284,[515.60853124]
69,0.8253382209273137,0.10306456813546803,0.010485903359949589,[516.20474637]
69,0.8144063057110807,0.09863265397139737,0.010485902651543023,[535.47723267]
69,0.8146501593637515,0.09923585252089351,0.010486325381043155,[533.64938838]
69,0.8909889706769383,0.10140035302240948,0.010487958429373929,[576.02774253]
69,0.8914011921657913,0.1063316480543809,0.01048601277644763,[579.75134384]
69,0.8109086851636751,0.09881196976282913,0.010485933062197793,[539.95050254]
69,0.8145795759433937,0.099053121087813,0.01048486638592674,[535.01273627]
69,0.889023669711773,0.10323037523649817,0.010485885251872717,[576.76984557]
69,0.8112804332565837,0.09881097686683657,0.010485900158894626,[539.62380591]
69,0.8907398805899788,0.1078251130256193,0.01048587909632583,[577.2465369]
69,0.8253390872471187,0.10313622178450398,0.010486068281082063,[515.92651296]
69,0.8140504097648521,0.09893061142395797,0.010485847113229248,[535.69588916]
69,0.8146501593637515,0.10060300343495143,0.010486325381043155,[528.92198076]
