iters,params_res,params_f,objs
0,0.7,0.4,7.756076098256205
0,0.79999995,0.2,7.622433105789712
0,0.6,0.6,9.096999754685136
0,0.65,0.3,8.120878041382644
0,0.84999996,0.7,8.10953121203752
0,0.75,0.1,7.6444278249639535
0,0.55,0.5,10.223554325939185
0,0.575,0.25,9.70597100436089
0,0.775,0.65000004,7.874432392542837
0,0.875,0.05,6.793613060278604
1,0.899249949023641,2.776423327389495e-06,7.5004008399049615
1,0.8998687318750715,8.415122939107502e-06,7.491142359881067
1,0.8906064945447917,0.025386101810310348,7.097597829135593
1,0.8999984569022611,1.6340216489631956e-06,7.489407639837653
1,0.8812802542182598,0.018496489092386666,7.340043296341308
1,0.899845229403265,0.019805349369896637,7.086565735748078
1,0.8998895248579303,0.00911151762106297,7.282323129039713
1,0.8915433070363249,0.013775805792488407,7.292721179007579
1,0.8999656974085102,3.87048167928331e-05,7.488921288794272
1,0.8997244571108323,0.00010475968334149543,7.490752866282803
2,0.8907405554016571,0.06344210351239683,6.411724365308675
2,0.887427496452751,0.06029655319756401,6.492279738926873
2,0.8762569404963187,0.055807125249449835,6.691918977844822
2,0.8911525143560407,0.05702102137379617,6.498174313750222
2,0.8878386452170003,0.0572822101936253,6.532916194243995
2,0.8897303342112831,0.06575706544982167,6.396286663029149
2,0.8768413048890414,0.05171486643329498,6.746489820323988
2,0.8862138647061923,0.05453894970349563,6.592736471408903
2,0.8997537824853222,0.08196153744957743,6.1568535022634485
2,0.8964823857978629,0.06343501559481822,6.356956939197863
3,0.8999563741953899,0.14655880486550257,7.549804768986047
3,0.8999319386924458,0.10283114780000915,6.40580894326024
3,0.8999797147988927,0.10181407634316304,6.38181931618372
3,0.8999999228200384,0.12054060807259798,6.910832325428735
3,0.8999952615056079,0.1248881723209455,7.032873459007022
3,0.8999828910779102,0.12329748788195172,6.989172695689516
3,0.8999995213156556,0.0978908321511373,6.312408424266853
3,0.8999994654927367,0.10388109812160393,6.435047062011648
3,0.8999473599047602,0.08606013583663949,6.152785383055584
3,0.8999845112606771,0.12759292044223372,7.108118502659363
4,0.8999989787143133,0.08069003091907948,6.156738330336074
4,0.5000926742960555,1.425485358291529e-05,198.37324816340222
4,0.5000140727554847,6.856901289828778e-05,198.37483959091742
4,0.8999986918974423,0.08289749782998668,6.155206590312428
4,0.8999991976282525,0.08084712393705047,6.156601065942295
4,0.8999875772619557,0.08292921360144175,6.155227303946872
4,0.8999918772401815,0.08096262025146363,6.156567838043751
4,0.8999991976282525,0.0843211399447619,6.154042417936763
4,0.899996104052393,0.08292921360144175,6.155195341842834
4,0.5009438950810998,7.529958288115956e-06,198.333869924378
5,0.8999987559947118,0.3117815112025352,8.286413924055742
5,0.8999992370749794,0.34314596732128605,8.307955437848689
5,0.8999853398041562,0.3032306625729902,8.280617246433966
5,0.8999992370749794,0.3495142472306658,8.312475792117354
5,0.8999052807427727,0.33919785471761815,8.304503931702223
5,0.8999943449860293,0.35086087558377227,8.313399531860055
5,0.8999642223124663,0.3092002872888003,8.284436005630534
5,0.8999945359665483,0.3167544213396369,8.289717209917107
5,0.8999634013752446,0.30332906022135897,8.280525550963187
5,0.8999986750447106,0.3143138800680598,8.288110837283606
6,0.8999953489852797,0.0856705537125714,6.152891353756283
6,0.8999976164619495,0.08363539432287452,6.154600773146071
6,0.8999988040588551,0.08113873673611736,6.15647189453215
6,0.8999998816228111,0.08128998337469535,6.156365788666779
6,0.8999818436937946,0.08189571941819568,6.156045366316434
6,0.8999963368680843,0.0855696443135284,6.152961425659003
6,0.8999980260167302,0.0851257524057974,6.1533479534658495
6,0.8999891203453662,0.08163876197178557,6.156176958876293
6,0.8999986224382693,0.08204080298626168,6.155862276779541
6,0.8999686781097098,0.0801923122410327,6.159704439972708
7,0.8999623984390912,0.08434390493171756,6.154162784116505
7,0.6749999523162842,0.45000001788139343,7.877576486984542
7,0.8999951646333756,0.08441266924934232,6.153994896216904
7,0.8999468885106973,0.08269919917178323,6.155592616452191
7,0.899986434952008,0.08434545235789842,6.154071855949608
7,0.7250000238418579,0.3499999940395355,7.704455678553245
7,0.8999558108533764,0.0843381448450531,6.154188644337465
7,0.625,0.15000000596046448,9.38736205232803
7,0.824999988079071,0.550000011920929,7.96252225444558
7,0.5249999761581421,0.75,190.94515577685252
8,0.8999934926897248,0.08447691446175669,6.153898802490491
8,0.8999999466212415,0.08465540022768618,6.153732623587662
8,0.899994412604167,0.08445105401375351,6.1539652186108675
8,0.8999944199566897,0.08392616086413321,6.154378665472467
8,0.8999994787748009,0.08389871214138969,6.15435064906244
8,0.8999999753923046,0.08465322431618581,6.15373464916746
8,0.8999948275665786,0.08389871214138969,6.1543680198352595
8,0.8999990536029012,0.08404994782685168,6.154270121966737
8,0.8999999519644611,0.08465753222088264,6.153730608670043
8,0.8999934898944393,0.08447067706752126,6.153904932396629
9,0.8999473182534725,0.08469351474756596,6.153934330682994
9,0.8999881688110858,0.0845051315080134,6.153891202425769
9,0.899998492089404,0.08510209833377631,6.153368614392235
9,0.7374999523162842,0.7750000357627869,7.828722717300195
9,0.8999582456888575,0.08441638462491717,6.15412903676547
9,0.5375000238418579,0.375,10.565941817019143
9,0.8999999075799026,0.08472429546350391,6.153693355465635
9,0.8999864188640407,0.0851738111704229,6.153349097861025
9,0.899994966409676,0.08447415390717768,6.153895997643922
9,0.8999988564760435,0.0854376007835447,6.153068245733045
10,0.8999972952962019,0.08473283478833771,6.1536950153271075
10,0.8999998852453133,0.08469423791017558,6.153738098527528
10,0.8999964335620771,0.08567844351385394,6.152880081770603
10,0.8999996685957816,0.08483247071513345,6.153591655711503
10,0.8999914944783409,0.08597594551279095,6.152669591125263
10,0.89999995151535,0.08467958744862646,6.153751604450388
10,0.8999914944783409,0.08467539603234188,6.153781502928549
10,0.8999988056302629,0.08524715355747027,6.1532663731375
10,0.899901233269397,0.08475429237137011,6.1540026956655725
10,0.8999991236055483,0.08475240287564985,6.153640375469422
11,0.8999309688784448,0.08660813411893124,6.155186001000107
11,0.8999945988845486,0.08540107269204551,6.153134999200287
11,0.8999989952000359,0.08562029178181357,6.152940596641452
11,0.8999578116790166,0.0856317871894399,6.1530822952695
11,0.8999980328824326,0.08586900244532479,6.152758780129201
11,0.8999780910835573,0.08520734833015163,6.153379747251383
11,0.899997112959484,0.08563178318423635,6.152936710314268
11,0.8999739629399519,0.08561373599873313,6.153039493784361
11,0.8999536135120224,0.08563376970179744,6.153095952379335
11,0.8999932437074333,0.0856485828665647,6.152935380288986
12,0.7875000238418579,0.2750000059604645,7.746218284105506
12,0.8999995830602766,0.08574648728793968,6.152859503519241
12,0.8999996170049328,0.08538986538016119,6.153126741793757
12,0.6875,0.07500000298023224,9.446607732270774
12,0.8999990705902069,0.08592273947907512,6.1526913389140585
12,0.8374999761581421,0.17499999701976776,7.6069784904878635
12,0.887499988079071,0.4749999940395355,8.327958025227717
12,0.637499988079071,0.574999988079071,8.392847653706875
12,0.8999994159188894,0.08596175423611807,6.152653289410301
12,0.8999998808790508,0.08597538402413861,6.152639084670963
13,0.5874999761581421,0.675000011920929,9.358648733690389
13,0.762499988079071,0.5250000357627869,7.848441083815049
13,0.5625,0.125,11.47461450616107
13,0.8999998597543325,0.08574699615109464,6.152858011236999
13,0.8999990972064159,0.08598888476875786,6.152674524515291
13,0.8999999049362581,0.08572020528353232,6.152882478835609
13,0.8999999069239495,0.08574931132294791,6.152855706989466
13,0.8999999714121546,0.08576144611772156,6.152844596113397
13,0.8999999694662046,0.08573696015265736,6.152866835438096
13,0.8999999666972004,0.08577210203302499,6.152835184873152
14,0.8624999523162842,0.32500001788139343,8.050102854518077
14,0.8999999321582525,0.08558939500971922,6.152966253186211
14,0.8999997065384009,0.08579231154628715,6.152801344393683
14,0.8125,0.625,7.939612379272742
14,0.8999999735211999,0.08597666195806497,6.1526446211060986
14,0.8999999499766487,0.08595393887027929,6.152658739865274
14,0.7124999761581421,0.02500000037252903,10.343850016924618
14,0.612500011920929,0.22500000894069672,8.955797645587397
14,0.8999999668840359,0.0859686558812105,6.152644839669949
14,0.6625000238418579,0.7250000238418579,8.061717197338181
15,0.8999998175078074,0.0860496400374526,6.152601125869687
15,0.8999997012539432,0.08581139070036774,6.152788753911521
15,0.8999988970066841,0.08578928214715138,6.152806884472959
15,0.8999997538872117,0.08594468089966888,6.152668262023712
15,0.8999958485171183,0.08593570823010867,6.152691239890895
15,0.8999995296736839,0.08578932646445092,6.152804744108703
15,0.899999661288275,0.08597538620233536,6.152639894744524
15,0.8999856097115201,0.08579228404996318,6.152853539023286
15,0.8999991050198305,0.08578928214715138,6.152806356398477
15,0.8999998164803346,0.08580393724441007,6.152794867608692
16,0.518750011920929,0.21250000596046448,191.50818890523257
16,0.8999998836365158,0.08604609298675694,6.152604044194994
16,0.8999978159259833,0.08583993078103412,6.152744230151747
16,0.8187500238418579,0.012500000186264515,8.501295126705479
16,0.8999977451259531,0.0858545213845146,6.152768052988995
16,0.512499988079071,0.42500001192092896,191.28675253810874
16,0.71875,0.612500011920929,7.806923215304289
16,0.8999995444841172,0.08604661973591639,6.152604835608205
16,0.6187499761581421,0.4124999940395355,8.65820460055504
16,0.8999975203176359,0.08592949641865395,6.15269095354009
17,0.8687499761581421,0.512499988079071,8.21910926486804
17,0.7687499523162842,0.3125,7.73588320771724
17,0.59375,0.0625,12.306231296027484
17,0.8999999691249069,0.08603355153367016,6.152631175829696
17,0.793749988079071,0.4625000059604645,7.8683954217267535
17,0.8999999624035578,0.08604448802512449,6.152605159925694
17,0.5687500238418579,0.7125000357627869,9.76813533961499
17,0.668749988079071,0.11250000447034836,8.930756564005506
17,0.8999998838160816,0.08604996425305704,6.152600579057547
17,0.8999993950342793,0.08607542467248624,6.152578855854464
18,0.8999980429096828,0.08584555771022097,6.152737999626209
18,0.8937499523162842,0.26250001788139343,8.211404357456393
18,0.8999999404954174,0.08597662849010773,6.152644773305233
18,0.8999998168741257,0.08587346766686862,6.152748273636613
18,0.8999996465957485,0.08607543775868637,6.152577914180252
18,0.8999991112202156,0.08607566159616556,6.152579690445443
18,0.6937500238418579,0.6625000238418579,7.851508524953223
18,0.643750011920929,0.36250001192092896,8.222680627502848
18,0.8999999606041925,0.08587346766686862,6.152747742289118
18,0.8999999684540032,0.08607542514801025,6.15257673593378
19,0.84375,0.762499988079071,8.071348748291816
19,0.8999972080140521,0.0860768611011985,6.1525856393737515
19,0.7437499761581421,0.16250000894069672,7.497873832164319
19,0.8999987271868857,0.08588063283307189,6.152746048532242
19,0.8999969111504182,0.08607113236157062,6.152591922143145
19,0.8999987749105,0.08588539932042215,6.152741712015475
19,0.899999975673267,0.08607506821439039,6.152577032322722
19,0.8999987394295452,0.08608545188595601,6.152571833104039
19,0.8999999451698426,0.08599471825098635,6.15266439271571
19,0.8999998250062378,0.08585694712163854,6.15275816735463
20,0.8999999611767093,0.0860599410638223,6.152591012277902
20,0.8999987185730572,0.08609191530355523,6.152566251410157
20,0.8999973769957184,0.08606179493047397,6.15259884454265
20,0.8999999057165985,0.08612044642087785,6.1525491613227326
20,0.8999999615610148,0.08609278715180083,6.152560868061301
20,0.8999999761009839,0.08608472395514585,6.152567921274285
20,0.899999933327634,0.08600750325978329,6.152653495346511
20,0.899997336619255,0.08609318033855816,6.152570213668955
20,0.8999989503028648,0.08592718202101313,6.152687805127891
20,0.8999997722487136,0.08606393538295018,6.15258799506197
21,0.8999999693098728,0.08612068817271268,6.152548523774549
21,0.8999999497727322,0.08609644409118532,6.152557600650047
21,0.8999999665574483,0.08609217233041472,6.152561406234639
21,0.8999999190305645,0.08609540393339545,6.152558463236325
21,0.8999999256508172,0.08609231754455131,6.152561425950385
21,0.8999999748185407,0.08609288007220815,6.152560734935069
21,0.8999999188671773,0.08609551545543011,6.152558555672917
21,0.8999999758461377,0.0860973543480249,6.152556487311638
21,0.8999999728098801,0.08609250913530737,6.152561078194429
21,0.8999999753089394,0.08609628148534505,6.152557653498276
22,0.8999996724927207,0.08612101067407632,6.1525495324100685
22,0.899999616144911,0.08611174279867222,6.152520678208706
22,0.8999999761319677,0.08606376866788712,6.152587396164328
22,0.8999999132370641,0.08611857876233761,6.152550562706366
22,0.8999999562953145,0.0861209913231154,6.152548501355085
22,0.8999999739069712,0.08612069474056769,6.152548693895934
22,0.8999999761319677,0.08606384370166256,6.152587326359161
22,0.8999999595735194,0.08610255178243267,6.1525206146104
22,0.8999997578870539,0.08611702164816883,6.152552488542894
22,0.8999996302403765,0.0861210011100211,6.152549503922118
23,0.8999999608892817,0.08611031005374233,6.152520531336312
23,0.8999999410767849,0.08609029647310558,6.152563005913709
23,0.8999930688751531,0.08610270483250736,6.152545942444584
23,0.8999972206870244,0.08608327963808145,6.152579413040899
23,0.8999998266893958,0.08609042708935738,6.152563310432483
23,0.8999999756321215,0.0861115133422867,6.152519368191207
23,0.8999999595544709,0.08606207269322469,6.152589035248893
23,0.8999999598828521,0.08604050621040432,6.152608659200954
23,0.8999999551733815,0.08611039344441797,6.152520475629855
23,0.8999929812296339,0.08607875422579994,6.15259954886783
24,0.8999982115821775,0.08601390538433262,6.152654403085473
24,0.8999978029182131,0.0860202100686065,6.152650542582808
24,0.8999992950571317,0.08610988094770826,6.152523580367207
24,0.8999998380461016,0.08609059530447719,6.152563308972713
24,0.8999999662697957,0.08610410506814219,6.152519152902002
24,0.8999997578230088,0.08606187235365317,6.152589967669327
24,0.8999982393212572,0.0861105254911388,6.152526695638094
24,0.8999994591443837,0.08609976207770897,6.15252504503024
24,0.8999996061470704,0.08601387378839398,6.15264927872696
24,0.8999999717289627,0.08611120771253908,6.152519664211487
25,0.8999999760979182,0.08610330915611655,6.152519660080162
25,0.8999993159066274,0.08610364307078211,6.152521791332865
25,0.899999975328024,0.08607476273498342,6.15257731009746
25,0.8999983949398758,0.08610476929130967,6.152531616838933
25,0.8999941379205567,0.08612953352725304,6.152562371836365
25,0.8999997225603876,0.08608852509035221,6.152565417229826
25,0.8999999726751605,0.08610427536617488,6.15251877887863
25,0.8999999472049853,0.08610379944113028,6.152519313304734
25,0.8999999678956127,0.08607663017121461,6.152575647277309
25,0.8999997396554321,0.08608794285425805,6.152565881154058
26,0.8999999635949851,0.08607379082962513,6.15257823315693
26,0.8999941107167575,0.08610558075184471,6.152546703948877
26,0.8999962311803731,0.0860743790801908,6.152591496730617
26,0.8999966139976949,0.08610558075184471,6.152537258835205
26,0.8999998893688125,0.0861042738168307,6.152519088222739
26,0.899999898003328,0.08606610049381642,6.152585515731662
26,0.8999997965853384,0.08610419987210659,6.152519499569803
26,0.8999993926832787,0.08610427668274541,6.152520921385771
26,0.8999996457602979,0.08609056589257999,6.152563853473838
26,0.8999999380292868,0.08606510655505235,6.152586292407128
27,0.8999999511311138,0.08610069419914924,6.152522364254562
27,0.543749988079071,0.5625,10.422814413890256
27,0.8999994321133582,0.08611066201626223,6.152522354168983
27,0.8999996939060687,0.08611176875735962,6.152520174092628
27,0.8999999027426625,0.08612925068543056,6.152541525964131
27,0.8999999750613004,0.08609937172296193,6.152523306396381
27,0.8999999674704046,0.08609872024954407,6.152524129918136
27,0.8999999092700365,0.086104277476165,6.152519204083408
27,0.8999938973082984,0.08609856643837226,6.15257785522251
27,0.8999999568732785,0.08609883172643282,6.152523873159143
28,0.8999999209215931,0.08608788665495955,6.1525652620718585
28,0.899999920157315,0.08613254515732076,6.152538583073723
28,0.8999983033497615,0.08613878344175246,6.1525392687231495
28,0.53125,0.1875,191.4479483727522
28,0.8999999438901183,0.08609435190759826,6.152559516668612
28,0.8999997933740548,0.08611537834905023,6.152516526328193
28,0.8999999330723543,0.08613980624939895,6.152532363531692
28,0.731249988079071,0.5875000357627869,7.81700276756177
28,0.8999994274743613,0.0861180264509918,6.152553028717718
28,0.8999999631947236,0.08608379989122823,6.152568805492857
29,0.8999999741593991,0.08608091020841041,6.152571380799826
29,0.8999999761342281,0.0861160958032567,6.152552679530289
29,0.5000000128643713,0.07246086401763052,195.40803190885893
29,0.5000000042726741,0.07212733486521021,195.42067174854623
29,0.8999999732245855,0.08611534833798569,6.152515889282486
29,0.5000000017985863,0.0724326178443666,195.40910574707158
29,0.5000000028071032,0.0724326178443666,195.40910570421846
29,0.8999999755074857,0.0861160958032567,6.1525524890446714
29,0.899999973084475,0.08608091020841041,6.1525713847731
29,0.500000000960084,0.07212273580710303,195.42084672190796
30,0.8999997567361423,0.08610229943372119,6.152521597778243
30,0.8999999058987086,0.08611971684611654,6.152549794245802
30,0.78125,0.08749999850988388,7.3949223197181695
30,0.8812499642372131,0.6875,8.309039835101718
30,0.8312499523162842,0.38750001788139343,7.896527091647392
30,0.8999999678018802,0.08612377918729265,6.1525458449196755
30,0.6812499761581421,0.2874999940395355,7.76723315161895
30,0.899999971964696,0.08610291212093496,6.152520235460507
30,0.8999999365664483,0.0860646221774193,6.152586748446786
30,0.6312500238418579,0.7875000238418579,8.492772245038896
31,0.8999999687504261,0.08611227737780547,6.152518689672101
31,0.8999933598649098,0.08613534235178277,6.152560374190976
31,0.8999998745747229,0.08613521434486457,6.152536240229434
31,0.8999998743223867,0.08611260586246555,6.15251892881305
31,0.8999999759330686,0.0861272318491364,6.152542816313782
31,0.581250011920929,0.48750001192092896,9.456973595961644
31,0.8999999321895198,0.08611092423818001,6.152520071526593
31,0.8999999759124373,0.08613514868584903,6.1525359231235965
31,0.8999999216505988,0.08610869269289662,6.1525223593136635
31,0.8999999289351814,0.0861021141660764,6.152520939890038
32,0.8999998658998493,0.08611561630818346,6.1525160390323785
32,0.5562499761581421,0.3375000059604645,10.047762132277741
32,0.8999994576423604,0.0861139656061154,6.152519068825667
32,0.8999999336038738,0.08611534490028774,6.152516038881675
32,0.8999999653129883,0.08610911912837464,6.152521612244228
32,0.8999998969011848,0.08611396636632804,6.152517637486417
32,0.8999998805652618,0.08611553612204192,6.152516058713886
32,0.8999999311200785,0.08612543193879588,6.1525447377725975
32,0.8999998708349132,0.08612495775993202,6.152545372170697
32,0.8999994576423604,0.08611543154834136,6.1525177181196975
33,0.606249988079071,0.03750000149011612,12.759328325576933
33,0.899999947796862,0.08608704498166725,6.152565924708683
33,0.65625,0.5375000238418579,8.135797482026922
33,0.7562500238418579,0.737500011920929,7.85049976553964
33,0.8062499761581421,0.4375,7.875643611077148
33,0.8999999268924119,0.0860862084973738,6.152566759233232
33,0.8999999619295878,0.08606057489071656,6.152590419856974
33,0.8999998730464184,0.08611517694355893,6.152516610245124
33,0.8999999483943479,0.08608946741433417,6.152563729443093
33,0.856249988079071,0.13750000298023224,7.129822720582896
34,0.8999993364416844,0.08612966153293879,6.152543067160146
34,0.8999983935051875,0.0861348151192951,6.15254224785602
34,0.8999999761506589,0.086115062113755,6.152516334990963
34,0.8999999753671023,0.08611537418058438,6.152515857553442
34,0.8999999062455275,0.0861158365202995,6.152553182872363
34,0.8999999439970318,0.08612110402343667,6.152548256089402
34,0.8999999760296076,0.08613451990855349,6.152536468822437
34,0.8999999519632816,0.08611570692711397,6.152515830261491
34,0.8999999690592282,0.08611504853435908,6.152516180911583
34,0.7062499523162842,0.23749999701976776,7.638286924064003
35,0.8999999306111297,0.0861032303042411,6.152520093955621
35,0.8999999669209652,0.08611562383657873,6.1525156587390075
35,0.899998993427326,0.08611513305091409,6.152519708820865
35,0.8999997103772697,0.08610260574362741,6.152521485759535
35,0.8999990087402878,0.08610271954839625,6.152523781037847
35,0.8999996244559487,0.08610251624003357,6.152521886138919
35,0.8999999395834728,0.08611590741405437,6.152552785286287
35,0.8999999692776016,0.08610266343414336,6.152520475453571
35,0.899999027119504,0.08610199843129163,6.152524380222936
35,0.8999997750324937,0.08610258572167771,6.15252107250215
36,0.8999999228109232,0.08614633183438122,6.152526862417752
36,0.8999999211594794,0.0861480111428554,6.152525446253624
36,0.8999955370668127,0.08614814118587266,6.152541519111792
36,0.8999999495397137,0.0861517072627463,6.152522211030678
36,0.8999999447520421,0.08614403384412508,6.1525287276189955
36,0.899999953699499,0.08614342780632706,6.152529213063008
36,0.8999999538952836,0.08614344971879964,6.152529193782985
36,0.8999999711201054,0.08614377851241528,6.152528851749039
36,0.8999988230634414,0.08614818869763476,6.15252934924904
36,0.8999999265362337,0.08615326970366241,6.15252097257428
37,0.8999976830193054,0.08611562103033066,6.152524102265955
37,0.5093749761581421,0.3187499940395355,191.42513655330396
37,0.8999977242388778,0.08611827426853591,6.152558909530133
37,0.8999991975966732,0.08612127426503266,6.152550864112847
37,0.809374988079071,0.11874999850988388,6.772572746464729
37,0.7093750238418579,0.71875,7.825148426350921
37,0.5062500238418579,0.637499988079071,191.51332486344305
37,0.609375,0.518750011920929,8.893167103916698
37,0.8999999747961274,0.08611559820202667,6.1525156532533405
37,0.899999944127361,0.08612088097091357,6.152548449318338
38,0.8999999661421954,0.08610621390778363,6.152524285863221
38,0.859375,0.41875001788139343,8.096827730140182
38,0.8999974949859099,0.08611914837596686,6.152558996857495
38,0.8999999761581421,0.0861224281764039,6.152546987374683
38,0.8999998634154022,0.08611736655974472,6.15255179937274
38,0.8999999760764174,0.08612250451935902,6.152547114173632
38,0.7593749761581421,0.21875,7.58685115177752
38,0.8999999741512179,0.0861204511224789,6.152548904563714
38,0.659375011920929,0.01875000074505806,11.822513554021425
38,0.8999999536225275,0.0861104709818588,6.152520602723622
39,0.6343749761581421,0.26875001192092896,8.379998067208355
39,0.8843749761581421,0.3687500059604645,8.22096509746727
39,0.559374988079071,0.6187500357627869,10.003273192073165
39,0.5843750238418579,0.16875000298023224,10.157303860796048
39,0.8343750238418579,0.668749988079071,8.011988163326345
39,0.8999997709098431,0.08611839855545719,6.1525512447130835
39,0.8999999581892286,0.08611872404676792,6.152550270561665
39,0.7843749523162842,0.5687500238418579,7.886618056358792
39,0.684374988079071,0.768750011920929,7.891290337042781
39,0.8999999493383477,0.08615400356005454,6.152520266832216
40,0.8999996907669696,0.0861324436874268,6.15253932532153
40,0.8999998848499627,0.08613124633360439,6.152539841512123
40,0.8999999302386943,0.08613244304584755,6.152538634541875
40,0.8999999748517301,0.08613005649691784,6.152540367076416
40,0.8999999394610032,0.0861317999496981,6.152539159049518
40,0.8999997538255298,0.0861486948677113,6.152525484849454
40,0.899999961934996,0.08611677925782778,6.152552138435548
40,0.8999984900899543,0.08613296076779857,6.152543309125757
40,0.8999999407340268,0.0861153712485815,6.152516181052841
40,0.8999998661357097,0.08611541940976665,6.152516219580246
41,0.8999995527680104,0.08611199454566637,6.1525206804914205
41,0.8999928931242605,0.08616483482048841,6.152520558588479
41,0.8999999582874839,0.08611295328769424,6.152518151235322
41,0.899999910806067,0.0861090097842065,6.152522107244116
41,0.8999999715481807,0.08611295078924125,6.152518297328444
41,0.8999998300066082,0.08611637138490467,6.152552786958386
41,0.8999999731340088,0.08611535694075227,6.152516074491029
41,0.899999951319017,0.08611289982835052,6.152518180591425
41,0.734375,0.06875000149011612,8.593302404857335
41,0.8999999512316159,0.08611384278423691,6.152517550554478
42,0.534375011920929,0.46875,10.645849975199198
42,0.8999993491557886,0.0861237013309951,6.152548196681982
42,0.6468750238418579,0.6937500238418579,8.267922394215429
42,0.746874988079071,0.4937500059604645,7.814405667633515
42,0.899999973513404,0.08612039490403538,6.152548955741219
42,0.8999999630010147,0.08614790321521032,6.152525383213422
42,0.8468749523162842,0.29375001788139343,7.932560562709308
42,0.8999999424316767,0.08611559867858887,6.1525157724277895
42,0.546875,0.09375,12.816579629005526
42,0.8999999760980126,0.08611854468338856,6.152550360202786
43,0.8999999760296424,0.08611547991697525,6.152515757680784
43,0.8968749642372131,0.793749988079071,8.41378866308321
43,0.899999712840173,0.08611607686039222,6.152553475342213
43,0.8999999607650229,0.08613733626167173,6.152534078980269
43,0.8999999134409152,0.08613903258705097,6.152533108007525
43,0.8999995784110257,0.08611026065794194,6.152521990458456
43,0.6968749761581421,0.39375001192092896,7.758794465488043
43,0.8999999316062044,0.08611610989269165,6.152552638906043
43,0.8999999498862157,0.0861317728014301,6.152538951343272
43,0.8999991871496026,0.0861317728014301,6.152541767387598
44,0.596875011920929,0.59375,9.161152585492667
44,0.8999999077086472,0.08611381687176893,6.152517542483966
44,0.8999992929038879,0.08611001434399922,6.1525232726176675
44,0.8999998975997031,0.08611611458632566,6.152552760392058
44,0.8999999221921421,0.08611295019178501,6.152518287491869
44,0.8999999292152647,0.08611559898800167,6.152515820988244
44,0.796875,0.19375000894069672,7.602428000306578
44,0.5718749761581421,0.24375000596046448,9.799706962941247
44,0.8999999653087789,0.08611609982880271,6.1525525232053395
44,0.899999291092175,0.0861085950141698,6.152524779827113
45,0.8999998539975127,0.08616071524386047,6.15251493370211
45,0.8999999704163819,0.0861160761955413,6.152552717669849
45,0.8999999741259194,0.08612047915110921,6.152548880315643
45,0.899999904167265,0.086115528894981,6.152515978144235
45,0.8999998959341898,0.08611374749874874,6.15251784272002
45,0.8999999748822279,0.08611024334874078,6.152520733879954
45,0.899999642339669,0.08616009725113626,6.152516238425427
45,0.8999999747505435,0.08611391035285525,6.152517401375744
45,0.8999999741908283,0.08611584457469786,6.152552732202805
45,0.8999999705491161,0.08609816357886495,6.152555774180954
46,0.8999971829998599,0.08615695337861486,6.152527979201689
46,0.8999999298772947,0.08612493197334543,6.15254498377534
46,0.8999999570133952,0.0861455875653691,6.152527366501245
46,0.8999999235878686,0.0861455875653691,6.152527489885447
46,0.8999996746865371,0.0861487637765579,6.152525718609815
46,0.8999999685091566,0.08615990383108854,6.152515198354155
46,0.8999999652560782,0.08612493197334543,6.1525448531516895
46,0.8999999759245814,0.08612600450990004,6.152543882280495
46,0.7718750238418579,0.643750011920929,7.869054796155919
46,0.8999995347624835,0.08616071194410324,6.152516114808823
47,0.8999999640414671,0.08613417378057873,6.152536813714892
47,0.7218749523162842,0.34375,7.698800674279221
47,0.871874988079071,0.04374999925494194,6.931666033905443
47,0.899999976093405,0.08612781341578421,6.1525423106311825
47,0.671875,0.4437499940395355,7.900098045998136
47,0.8999985117910535,0.08618541772442043,6.152485691938699
47,0.8218749761581421,0.543749988079071,7.955639914038885
47,0.8999999587764325,0.08612657789035569,6.1525436404153355
47,0.621874988079071,0.14374999701976776,9.555975082906285
47,0.8999999750554563,0.08613977570050563,6.152532235069937
48,0.8999999695120133,0.08610584459803915,6.152524806465527
48,0.8999996220170874,0.08609959738359987,6.152524595374091
48,0.8999995742658224,0.08609765053225554,6.15255789611356
48,0.8999999696597628,0.08609746869879897,6.152556599443339
48,0.8999999602153442,0.08609812850441845,6.152555844130503
48,0.8999998107033731,0.08609817732802479,6.152556545297459
48,0.8999999349751766,0.0861056845079009,6.152525081608725
48,0.8999994995949592,0.08609930793381042,6.152525315637697
48,0.899999808652253,0.08609940145353172,6.152523893976955
48,0.8999995462990709,0.08609871489447166,6.1525254988126505
49,0.715624988079071,0.5062500238418579,7.794418991987347
49,0.8656249642372131,0.606249988079071,8.204400770484513
49,0.6156250238418579,0.706250011920929,8.787898447561515
49,0.8999999359774905,0.08610259587328742,6.152520468232948
49,0.8999998252181385,0.08615078017020779,6.152523455152191
49,0.515625,0.10625000298023224,193.5041639475879
49,0.8156249523162842,0.3062500059604645,7.812493506447481
49,0.8999998590162123,0.08615838377211615,6.152516890073294
49,0.6656249761581421,0.20624999701976776,8.115180302212453
49,0.5218750238418579,0.7437500357627869,191.0350401991694
