iters,params_res,params_f,objs
0,0.7,0.4,7.756076098256205
0,0.79999995,0.2,7.622433105789712
0,0.6,0.6,9.096999754685136
0,0.65,0.3,8.120878041382644
0,0.84999996,0.7,8.10953121203752
0,0.75,0.1,7.6444278249639535
0,0.55,0.5,10.223554325939185
0,0.575,0.25,9.70597100436089
0,0.775,0.65000004,7.874432392542837
0,0.875,0.05,6.793613060278604
1,0.8994905793775957,2.3508023303630826e-06,7.49686643129344
1,0.8994908509102142,5.389366536006256e-06,7.496785608109202
1,0.8875026812581622,0.03883207618350386,6.842294248292004
1,0.8948657562982771,0.004729260871786622,7.445289844422433
1,0.8996382336916645,0.00013915088610082373,7.4911234141347265
1,0.8985341910200281,8.388764355527411e-05,7.508838297897396
1,0.8993701150708336,0.00021476465238204996,7.493109046560118
1,0.8899055809427506,0.03057207986775644,6.997478544416827
1,0.8989081961698745,0.00013177990049111868,7.502071923386367
1,0.870325244694541,0.04138696902320494,7.00076447310644
2,0.8778047797511405,0.22844911718489092,8.067359533839
2,0.8810520587391455,0.2702300541601679,8.134055684582206
2,0.8795381884440661,0.7469287313478246,8.298833471805832
2,0.8820336171415787,0.21514063377989437,8.05324840507048
2,0.8781825710808876,0.7914148305525418,8.290714934415613
2,0.8796556684801826,0.7796175595672659,8.30009216400472
2,0.8817921716510525,0.2070762452674312,8.027732616751972
2,0.8780067058141711,0.5700913775232502,8.282879732067004
2,0.8804351121140378,0.6469246620289456,8.303103381059664
2,0.8814651889875919,0.7135716540505496,8.310842527884208
3,0.8999952942421962,0.06420679181137127,6.316395028078471
3,0.8999722328642062,0.0534353143266345,6.449813069308767
3,0.8999278339024316,0.06214656589741101,6.338230212982602
3,0.899933922894255,0.06129307155619893,6.346857759675366
3,0.899969779247964,0.06318843078124146,6.32717088596214
3,0.8997427661960113,0.053454204328516955,6.4521307824789815
3,0.8999994670184343,0.05602358800263655,6.410909881056765
3,0.8996996440849508,0.05343535717570761,6.452949985611138
3,0.8890783333001666,0.048834452816436565,6.643350011402376
3,0.8998329538803193,0.05622179154927874,6.409880685799748
4,0.5000106051986498,0.0001759780276429923,198.37087603953185
4,0.8999999723374443,0.07039791409150838,6.242450429144261
4,0.8999974565101826,0.06802197261379139,6.271399824330005
4,0.500069688205729,9.587141162027777e-05,198.37119017805193
4,0.8999878405785897,0.08813008460481522,6.169847212886172
4,0.8999882403508691,0.07696736394780708,6.181409004256314
4,0.5000735283829315,9.587141162027777e-05,198.37101108684936
4,0.5000254585905435,9.587141162027777e-05,198.37325305542797
4,0.8999078674141885,0.08175116631944399,6.156420556816947
4,0.8997457732099656,0.07136609383376238,6.233600188680957
5,0.8998718386584875,0.09992933651621198,6.347606394985578
5,0.8999719981062784,0.08567520382840328,6.152973546320355
5,0.8996467914061368,0.07956583435098748,6.165574339022865
5,0.8998953533539388,0.08110781027547845,6.15685414370444
5,0.8999719981062784,0.10100236498079213,6.367049985389665
5,0.8999258360097147,0.0832816434341592,6.155144323015201
5,0.8999961535756097,0.10016301015884051,6.352034880972511
5,0.8999947836171641,0.08325585365643731,6.154910494551499
5,0.8986229989067142,0.08439719872132848,6.159110773273481
5,0.8999739296894864,0.08378899194578705,6.154582168554462
6,0.8999985862108347,0.08360852617549358,6.154621884261355
6,0.8999991610685673,0.08312002869769412,6.155019601285912
6,0.8999921784696192,0.0849025147641291,6.153554797707706
6,0.8999997225680255,0.08234625049607466,6.155657852415219
6,0.6749999523162842,0.45000001788139343,7.877576486984542
6,0.8999973923062496,0.08317473876493077,6.155010609391467
6,0.8999166403150644,0.08360493995077246,6.154931570255243
6,0.8999982193048429,0.08360483032025359,6.15462667388757
6,0.8999777781625385,0.08360026313741477,6.154707311589547
6,0.8999166403150644,0.08360493769298488,6.154931572346062
7,0.8999720000757346,0.08317296107426816,6.155107293837266
7,0.8999807543212419,0.08320819456278987,6.155031434972544
7,0.625,0.15000000596046448,9.38736205232803
7,0.8999718585482018,0.08456958930787714,6.153926751267933
7,0.8999990443270146,0.08317296107426816,6.155006014961171
7,0.8999979284430404,0.083194824010224,6.1549791117253205
7,0.8999890332455286,0.08474060526381404,6.153688853102046
7,0.8999989546919791,0.08474586714391498,6.153647022235983
7,0.8999867138178111,0.08448871287606614,6.153912624547433
7,0.8999807543212419,0.08318893586971048,6.155064821712803
8,0.8999874626298254,0.08372023984324525,6.154578610924136
8,0.824999988079071,0.550000011920929,7.96252225444558
8,0.7250000238418579,0.3499999940395355,7.704455678553245
8,0.5375000238418579,0.375,10.565941817019143
8,0.8999766479403738,0.08405445290495811,6.154349215771158
8,0.5249999761581421,0.75,190.94515577685252
8,0.7374999523162842,0.7750000357627869,7.828722717300195
8,0.899997307215321,0.08354881497450825,6.15470947215751
8,0.8999998497529612,0.08378469429860091,6.154489369587533
8,0.8999771248715772,0.08462031883096983,6.15385153138166
9,0.8999858604371678,0.08275555435001265,6.155383617842029
9,0.7875000238418579,0.2750000059604645,7.746218284105506
9,0.887499988079071,0.4749999940395355,8.327958025227717
9,0.6875,0.07500000298023224,9.446607732270774
9,0.5874999761581421,0.675000011920929,9.358648733690389
9,0.8999944005196457,0.08275635331408278,6.155350823268728
9,0.637499988079071,0.574999988079071,8.392847653706875
9,0.899990216785083,0.08496357330736498,6.153533617980468
9,0.8999949904658521,0.08321608438320163,6.154971053258584
9,0.8374999761581421,0.17499999701976776,7.6069784904878635
10,0.8999978875510285,0.0848566588505252,6.153575697730239
10,0.8999594188594428,0.08480623549240968,6.153777451838791
10,0.8999266352403594,0.084767885741081,6.153895315723563
10,0.8998701008286797,0.08461633559973476,6.154254047185807
10,0.8999378136155741,0.08484416993525787,6.153810802365578
10,0.8999208949112053,0.0847262346236092,6.1539856139894
10,0.8999888016372464,0.08485651420666898,6.153609603053323
10,0.8999650568221738,0.08480623549240968,6.153756488294279
10,0.8999594917784284,0.08463008896285684,6.1539077273731655
10,0.8999910700312022,0.08450652753589735,6.153879033545434
11,0.5625,0.125,11.47461450616107
11,0.8999998804332032,0.08420508118000727,6.154129208560607
11,0.762499988079071,0.5250000357627869,7.848441083815049
11,0.8999982731309962,0.08458350497692654,6.153798796284552
11,0.8999985335041577,0.08456640544848497,6.153830423787228
11,0.8999965433535887,0.08417311341631822,6.154170937212642
11,0.8999742940250268,0.08415462461283123,6.1542527917521355
11,0.899999854884345,0.08456690242334922,6.1538251312513506
11,0.8999998607389761,0.08456640544848497,6.153825562407201
11,0.8999995744148143,0.08457188031178854,6.153821586500524
12,0.8999893033535425,0.08543989157104606,6.153101461801577
12,0.8999993415772274,0.08517662005164892,6.1532984974375164
12,0.8999997919461112,0.08560976014187968,6.152947544043464
12,0.8999735589875029,0.08515695167817337,6.153408633135119
12,0.8999997129394933,0.08448519745543097,6.153867618451624
12,0.8999939066660728,0.08511233666366755,6.153376033219695
12,0.8999941974422137,0.08509679347442003,6.153389440309169
12,0.8999939066660728,0.08510745314567564,6.153380574953963
12,0.8999940352863289,0.08511233666366755,6.153375636164191
12,0.8999954956667452,0.08515160007180422,6.153332294755946
13,0.8999832942250929,0.08537159629658973,6.153198054681208
13,0.8999987636554877,0.0856005196136736,6.152960036422164
13,0.8999995191082711,0.08544425197942418,6.153059406526252
13,0.8999970345036679,0.08547239122513646,6.153079854875481
13,0.8999916655780159,0.08539828264415697,6.153148452543135
13,0.8999998579816172,0.08539810594037589,6.153118239561338
13,0.8999999330993206,0.08497052807583746,6.153491159568118
13,0.8999933172246602,0.0856275138337182,6.1529547853071245
13,0.8999983690558251,0.0854640665264444,6.153082875175032
13,0.8999933172246602,0.08537104897692392,6.153161390801358
14,0.8999999751135602,0.08562708622908728,6.152930525021564
14,0.899999806546274,0.08560976531558148,6.152947485095129
14,0.899999967125456,0.08553149309295971,6.153018613414839
14,0.8999995026449801,0.08560977435951682,6.15294860239636
14,0.8999998887479043,0.08561271162264254,6.152944411606227
14,0.8999993465682392,0.08560975633034654,6.1529491975262545
14,0.8999999712915836,0.08560808283559238,6.152948455908259
14,0.8999998177944994,0.08579312139794368,6.152805029455298
14,0.899998937960287,0.08560791250059695,6.152952443984003
14,0.8999985808240919,0.08560815470409017,6.152953539398322
15,0.8999991327501999,0.08558971900012591,6.152968910564869
15,0.8624999523162842,0.32500001788139343,8.050102854518077
15,0.8999933125302121,0.08579312264919281,6.152829099368683
15,0.612500011920929,0.22500000894069672,8.955797645587397
15,0.8999999562338995,0.08557691027927883,6.152941288206439
15,0.899996586250623,0.08525600392667425,6.1532661758441245
15,0.8999992951255457,0.08545479116438906,6.153085176881511
15,0.899999359904991,0.0854563970511776,6.153083488647741
15,0.8999995956820075,0.0854563970511776,6.1530826152704
15,0.6625000238418579,0.7250000238418579,8.061717197338181
16,0.8125,0.625,7.939612379272742
16,0.8999999735208556,0.08561798247377103,6.152939143413861
16,0.8999997755196237,0.08569429596224727,6.152853065484115
16,0.8999999684332598,0.08579747751523811,6.152800522482832
16,0.8999999687268362,0.08572758825803788,6.152875455561185
16,0.8999996510421882,0.08569429596224727,6.152853526823958
16,0.8999998954078655,0.08561787040776402,6.152939538111623
16,0.8999999250282154,0.08579145948454277,6.15280131943393
16,0.899996201325119,0.08556078502708822,6.152970259841604
16,0.8999971150793056,0.08564079313423506,6.152928206647111
17,0.8999999228663418,0.08566977680060925,6.152875131442374
17,0.8999998674629278,0.08566977680060925,6.152875336594997
17,0.8999995075313745,0.08573126297359084,6.152873784224434
17,0.8999999761581421,0.08573559934827646,6.152868062043655
17,0.899999972835344,0.08573457460442754,6.1528690166562425
17,0.899999976147026,0.0856999678144548,6.152853264911083
17,0.7124999761581421,0.02500000037252903,10.343850016924618
17,0.8999999708497581,0.08573417311837031,6.152869393189926
17,0.8999976906591356,0.08567348056660047,6.152879991287934
17,0.8999999567054862,0.08573461013775083,6.152869043691453
18,0.8999999051167691,0.08580049302437903,6.152797777474885
18,0.8999999482967314,0.08571546368591965,6.152875404131344
18,0.899999962280316,0.08571546368591965,6.15287535235714
18,0.8999999409092047,0.08580220908908179,6.152795976266751
18,0.8999893405451241,0.08578121565665195,6.152866225230828
18,0.8999997773516776,0.08570577709333432,6.1528483510086005
18,0.8999999404770117,0.08571219958733944,6.152841498463512
18,0.8999999009341664,0.08580049302437903,6.152797792950771
18,0.512499988079071,0.42500001192092896,191.28675253810874
18,0.89999994351245,0.08571559818013871,6.152875297305188
19,0.8999986686507483,0.08577342351779359,6.152838563982586
19,0.8999990359325446,0.08571417581665901,6.152879973065279
19,0.8999999080861444,0.08576951304602681,6.152837715180494
19,0.8999998983066387,0.08580213851592688,6.1527961979717265
19,0.8999937271172264,0.08577426666488944,6.15285633267343
19,0.8999986717780755,0.08577342351779359,6.152838794241925
19,0.8999987056212476,0.08577343920473529,6.152838413198041
19,0.8999999649482331,0.08577648101871445,6.152830913083257
19,0.8999999720133912,0.0858021461129281,6.152795918356937
19,0.8999998940968198,0.08577342383721656,6.1528340304015385
20,0.8999999699253634,0.08580583223733318,6.152792613338686
20,0.8999999283187862,0.08578436425981162,6.152824244692088
20,0.8999999761344487,0.08579813159363293,6.152799658526657
20,0.8999999688070998,0.08579256346629946,6.152800142138374
20,0.8999986055001646,0.08586561971965836,6.152755057942789
20,0.8999999735091441,0.08575582460001743,6.152849609830878
20,0.8999999685378263,0.0858397247921977,6.1527364564308265
20,0.8999986541080386,0.0858119079819972,6.152792145542838
20,0.8999994362180868,0.08578368453765252,6.152826672652968
20,0.8999999554423955,0.08575583421042336,6.152849668086698
21,0.8187500238418579,0.012500000186264515,8.501295126705479
21,0.8999999699241729,0.08583949904127049,6.152729879677746
21,0.668749988079071,0.11250000447034836,8.930756564005506
21,0.899999971517709,0.08584098134782006,6.152735241842017
21,0.8687499761581421,0.512499988079071,8.21910926486804
21,0.518750011920929,0.21250000596046448,191.50818890523257
21,0.71875,0.612500011920929,7.806923215304289
21,0.6187499761581421,0.4124999940395355,8.65820460055504
21,0.8999999236813767,0.08584101737861821,6.152735384464599
21,0.8999999699241729,0.08583962838645086,6.152729755354877
22,0.7687499523162842,0.3125,7.73588320771724
22,0.8999993915193091,0.08584660515291992,6.152769115560221
22,0.8999998547348398,0.08584555367861933,6.152731294569364
22,0.8999986214809556,0.08585133757681626,6.1527676881874305
22,0.8999996273934264,0.085839627997259,6.15273102412982
22,0.8999999434907074,0.08583779137529368,6.152731667726431
22,0.8999999481669937,0.08584481492413046,6.152731656261008
22,0.8999999761573985,0.08583862078825207,6.152730700740062
22,0.8999999689017776,0.08584643018391748,6.152767137780495
22,0.8999989002207381,0.08585181688407606,6.152766223998896
23,0.8999998489590537,0.08587343789833417,6.152748181100074
23,0.8999999719883627,0.08588147623652531,6.152740707919198
23,0.8999998208988297,0.08586673180386857,6.152749588663266
23,0.8999998092034273,0.08587415682209291,6.152747698309869
23,0.5687500238418579,0.7125000357627869,9.76813533961499
23,0.59375,0.0625,12.306231296027484
23,0.793749988079071,0.4625000059604645,7.8683954217267535
23,0.8999999276259278,0.08587693023976989,6.152744854582888
23,0.899999951950115,0.08585534720430647,6.152759143540854
23,0.8999999483423842,0.08585445881558193,6.152759959652507
24,0.8999985428689667,0.08583285513039304,6.152741598623665
24,0.8937499523162842,0.26250001788139343,8.211404357456393
24,0.8999999735375798,0.08583642309070844,6.152732871551163
24,0.8999999748548713,0.08579279517454992,6.152804744416648
24,0.8999999143344442,0.0858385716071956,6.152730976943981
24,0.8999994998557367,0.08586354958021847,6.15275356795239
24,0.8999999742057434,0.08583949830718501,6.152729864528649
24,0.899999942981901,0.08583849034865723,6.152730948963017
24,0.8999999749804336,0.08583949830718501,6.152729861659945
24,0.6937500238418579,0.6625000238418579,7.851508524953223
25,0.8999999412774445,0.08584827332669624,6.152765574722052
25,0.8999999706289329,0.08590235293967206,6.152722542511644
25,0.8999998320140182,0.08590239205115803,6.152723020822727
25,0.8999999674685568,0.08590223210767554,6.152722659337914
25,0.8999998918141534,0.08590151871851459,6.152723559738168
25,0.8999998343802349,0.08587151350568117,6.152749920664616
25,0.8999999670092057,0.0859008242618899,6.1527238860857345
25,0.8999999600925311,0.085902115469467,6.152722788096409
25,0.8999999690087687,0.0859023234504008,6.152722574160899
25,0.8999999518169891,0.0859008242618899,6.152723942239283
26,0.84375,0.762499988079071,8.071348748291816
26,0.8999994779540542,0.08589872661452973,6.152727518960891
26,0.8999999649390173,0.08590019135046469,6.152724444457374
26,0.8999999633812972,0.08591279072034189,6.152696946143022
26,0.8999999663697578,0.085839487986747,6.152729903465065
26,0.7437499761581421,0.16250000894069672,7.497873832164319
26,0.643750011920929,0.36250001192092896,8.222680627502848
26,0.8999999493249616,0.08590396913695074,6.152721214849053
26,0.543749988079071,0.5625,10.422814413890256
26,0.8999999663697578,0.08590337950175189,6.152721664952445
27,0.8999999199148615,0.08594455665134954,6.152667765640851
27,0.8999997996227759,0.0859143156963925,6.152696186275537
27,0.8999999640216414,0.08594467983906971,6.152667485373228
27,0.53125,0.1875,191.4479483727522
27,0.8999998364213283,0.08591782400487112,6.152692908886572
27,0.8999999691850527,0.08593616401854887,6.152675556502677
27,0.8999999724392962,0.08592016489539277,6.152690309820591
27,0.899999780272076,0.0859607124188314,6.152652931195759
27,0.8999999749500506,0.08593980051190574,6.152672080537625
27,0.8999999642224885,0.0859117912028979,6.152714352288785
28,0.8999999714608324,0.08596080488172739,6.152652135838003
28,0.731249988079071,0.5875000357627869,7.81700276756177
28,0.8999999737249178,0.0859608048777315,6.152652127463638
28,0.899999774027019,0.08596107230441634,6.1526526123004475
28,0.8312499523162842,0.38750001788139343,7.896527091647392
28,0.8999998621017635,0.08596669665901858,6.152647038690744
28,0.899999774027019,0.08596116187890172,6.152652527176057
28,0.8999999719995224,0.08596081289623218,6.152652126228271
28,0.8999999723770614,0.08594266752149149,6.152669366297032
28,0.8999999712412757,0.08596071133549334,6.152652225548363
29,0.899999967981429,0.08596821850273415,6.1526452400120055
29,0.8999999169850734,0.08596492232730013,6.152648476170067
29,0.8999998350066394,0.08597820658366621,6.152643745261152
29,0.8999999490564317,0.08597829795322302,6.1526432414163805
29,0.8999999387113722,0.08596825900304697,6.152645310822527
29,0.8999999728299732,0.08596649206013138,6.152646818318091
29,0.8999999342818784,0.08596691447843942,6.152646570335655
29,0.8999999639133617,0.08596649322807333,6.15264685021709
29,0.8999999262035205,0.08596669882535934,6.152646799601661
29,0.8999998835481059,0.08596683705674188,6.1526468295614105
30,0.6312500238418579,0.7875000238418579,8.492772245038896
30,0.8999999226895149,0.08598713407800491,6.152672954651088
30,0.6812499761581421,0.2874999940395355,7.76723315161895
30,0.8999997965358725,0.08601847770933109,6.1526446542945825
30,0.899999881902681,0.08598713407800491,6.15267310532189
30,0.8999923917628039,0.08598858006983612,6.152699552843357
30,0.8812499642372131,0.6875,8.309039835101718
30,0.8999998245239583,0.08598872382697956,6.15267197376572
30,0.8999998029375033,0.08601323992907481,6.152649091652088
30,0.8999983512384939,0.0860150910829729,6.152652877361346
31,0.78125,0.08749999850988388,7.3949223197181695
31,0.8999997672378122,0.08597699008258484,6.152645089051499
31,0.8999999760250732,0.08595657529509998,6.152656138248535
31,0.8999990752577414,0.08595727728626575,6.152658804504239
31,0.8999993748245478,0.08595508829371766,6.152659776051587
31,0.8999999738330436,0.08597811242484393,6.152643316521133
31,0.8999998371260595,0.08597730380930953,6.152644548692051
31,0.8999985375259529,0.08595487836855567,6.15266307403357
31,0.581250011920929,0.48750001192092896,9.456973595961644
31,0.8999999433399155,0.08598078274051864,6.152678245445668
32,0.8999999156917794,0.08597939334927227,6.152642380406673
32,0.7562500238418579,0.737500011920929,7.85049976553964
32,0.8999999713149995,0.08597230358316063,6.152641567718609
32,0.8999998469333276,0.08597933154174535,6.152642690206441
32,0.8999998179013233,0.0859730018130223,6.1526415051694
32,0.856249988079071,0.13750000298023224,7.129822720582896
32,0.8999998712333054,0.0859698740762265,6.152644171113902
32,0.5562499761581421,0.3375000059604645,10.047762132277741
32,0.65625,0.5375000238418579,8.135797482026922
32,0.8999999718247788,0.08597948593460394,6.152642089634677
33,0.899999959655201,0.08595766231707454,6.152655165871593
33,0.899999612235033,0.08595902184176037,6.152655159576884
33,0.8999996414861761,0.08595169705216367,6.152662011655744
33,0.7062499523162842,0.23749999701976776,7.638286924064003
33,0.8999999553655501,0.08597391363227597,6.152640174258016
33,0.8062499761581421,0.4375,7.875643611077148
33,0.8999999461321603,0.08603637378126328,6.152628856122969
33,0.899999612235033,0.08595862935736702,6.152655532551113
33,0.606249988079071,0.03750000149011612,12.759328325576933
33,0.8999999740536312,0.08597300201654434,6.152640927533992
34,0.5093749761581421,0.3187499940395355,191.42513655330396
34,0.8999999135325449,0.08595235593177683,6.152660378848854
34,0.8999996565340702,0.08603752211009298,6.152612399988481
34,0.609375,0.518750011920929,8.893167103916698
34,0.809374988079071,0.11874999850988388,6.772572746464729
34,0.5062500238418579,0.637499988079071,191.51332486344305
34,0.8999999728265372,0.08605916316469969,6.152591692851797
34,0.8999982195561129,0.08603636096488383,6.15263524401205
34,0.8999999499387935,0.08601246492890642,6.1526492086784685
34,0.7093750238418579,0.71875,7.825148426350921
35,0.8999996777004692,0.08608325048532599,6.152570358052721
35,0.8999990146112585,0.08605945827788017,6.152594962045235
35,0.8999997794581981,0.08606631095484055,6.1525857583263095
35,0.8999999642295727,0.08608361842765733,6.1525689659381975
35,0.8999997741194475,0.08605914929674668,6.152592440623213
35,0.8999999587677379,0.08605903652463835,6.152591862654141
35,0.8999942990603689,0.08605945827788017,6.152612401564981
35,0.8999999567740669,0.08606417409280467,6.152587090579248
35,0.8999997918957072,0.08608325048532599,6.1525699359772
35,0.8999992171590139,0.08605879389272043,6.152594831035214
36,0.8999999722850931,0.08610176807435667,6.152521099830004
36,0.559374988079071,0.6187500357627869,10.003273192073165
36,0.8999987886161503,0.08608346232956447,6.15257345241651
36,0.5843750238418579,0.16875000298023224,10.157303860796048
36,0.859375,0.41875001788139343,8.096827730140182
36,0.659375011920929,0.01875000074505806,11.822513554021425
36,0.899999963409846,0.08608748627524106,6.152565467500238
36,0.7593749761581421,0.21875,7.58685115177752
36,0.8999998655746548,0.08605016632282513,6.152600458562111
36,0.8999997332232694,0.08608228870680701,6.152571023477828
37,0.899999881579692,0.08609365957366759,6.152560180986972
37,0.7843749523162842,0.5687500238418579,7.886618056358792
37,0.8999997343970305,0.0861043499463861,6.152519590589175
37,0.684374988079071,0.768750011920929,7.891290337042781
37,0.8999998703766217,0.08609492188136234,6.15255927231303
37,0.8843749761581421,0.3687500059604645,8.22096509746727
37,0.8999999099760332,0.08604350539991985,6.152606214905983
37,0.8999984071894807,0.08614779725443517,6.1525312158982794
37,0.8999985951112555,0.08610391274793022,6.152524206012986
37,0.8999999587079681,0.08610177040100098,6.152521340664582
38,0.8999999756434902,0.08610195091661013,6.152520918270275
38,0.8999999741110131,0.08610455798012903,6.1525187049235806
38,0.8999999738067573,0.0861043586484352,6.152518890453276
38,0.8999999716716075,0.08610321688138975,6.152519761804623
38,0.899999975928641,0.08611074091557684,6.152520271577384
38,0.8999999749737717,0.08610926420008881,6.152521635678936
38,0.8999999688723991,0.08610440129196668,6.152518676438252
38,0.8999999739954404,0.08610434830188751,6.152518899327631
38,0.8999999756621738,0.08611071476489376,6.152520103854866
38,0.8999998222106715,0.08610315932947167,6.1525205602791395
39,0.8999999646853025,0.08610361242605342,6.152519421704919
39,0.8999998244034898,0.08614828991362385,6.152525567302835
39,0.8999999753664786,0.08613646345338016,6.152534975967684
39,0.8999999761471749,0.08613716512403514,6.152534170836987
39,0.8999999739938492,0.08614828991362385,6.152525015125027
39,0.8999987128458621,0.08610269130720032,6.152525093644286
39,0.8999999227704485,0.08614985152329552,6.152523881596098
39,0.8999999761570743,0.08610417140294013,6.152518862187089
39,0.8999999691225158,0.08610240075175556,6.15252071903451
39,0.8999999744820177,0.08610240075175556,6.152520506421535
40,0.8343750238418579,0.668749988079071,8.011988163326345
40,0.8999999542290109,0.08610450196319835,6.152518830232056
40,0.8999999564426184,0.08616607177427159,6.152493399253265
40,0.8999999720432409,0.08610280116196242,6.1525201450152895
40,0.734375,0.06875000149011612,8.593302404857335
40,0.6343749761581421,0.26875001192092896,8.379998067208355
40,0.8999994753532734,0.08610674710903332,6.152525608560453
40,0.8999971629849728,0.08611032272930451,6.152531053351376
40,0.534375011920929,0.46875,10.645849975199198
40,0.546875,0.09375,12.816579629005526
41,0.5,0.08963118130638077,194.75440535445767
41,0.5000000003267773,0.09004800017794172,194.73915453017588
41,0.899999812560014,0.0861530057865612,6.152521616817276
41,0.5000000002396676,0.08978931457545,194.74858050833896
41,0.5000000008408765,0.09016948547514754,194.73470445907876
41,0.5000000000453286,0.09015602696588482,194.7351989185538
41,0.5000000000068499,0.09005149993281275,194.73902586282847
41,0.8999991180611906,0.08616617882999443,6.152496401786476
41,0.5000000001553083,0.09002464706085019,194.7400120750292
41,0.5000000003072067,0.09004680033367601,194.7391985748163
42,0.8999997905320655,0.0861639761193612,6.1524958368976215
42,0.5176206078179759,4.089847374203789e-08,197.58117588545508
42,0.5176324723239324,2.7956426493396214e-08,197.58065586861275
42,0.5177371712991266,1.5344601179474798e-08,197.57606414416557
42,0.5175420638160255,3.305645273420672e-07,197.58461138174684
42,0.5174902419271854,3.100856059223898e-07,197.586886479953
42,0.5176206664871507,2.899343486529642e-08,197.58117388166437
42,0.8999992966283492,0.08616826331963175,6.1524938311926025
42,0.5179257168930765,1.9515721625844491e-07,197.56779146402823
42,0.517641422612912,7.24187483542123e-09,197.58026412875157
43,0.5000000017443397,0.7994503044642184,191.71411102120703
43,0.8999999610648035,0.08616512416430813,6.152494207417014
43,0.5000000001007163,0.7384408912365247,191.7128327109805
43,0.5000000007295855,0.7440368770117367,191.71334560142012
43,0.5000000001579444,0.7470255472674566,191.7141404187712
43,0.5000000027477688,0.7422405367659234,191.71306874820033
43,0.5000000003258612,0.7459990038669503,191.71384733883113
43,0.8999999682022687,0.08616514254623202,6.152494165053399
43,0.8999997110419031,0.08616514254623202,6.152495114633922
43,0.5000000059715236,0.7700619298667409,191.71435896980645
44,0.8999999761581421,0.08619838653109935,6.152468430306081
44,0.8999999761581421,0.08616411326833547,6.152495032022425
44,0.8999999761581421,0.08618354714913135,6.152481982408586
44,0.5001837293205982,0.6839693552788855,191.7067535604658
44,0.5001793170278218,0.7974121643269132,191.70834030517958
44,0.5001831940502833,0.7294635156434226,191.70684655215373
44,0.5001791986690298,0.7305724078628437,191.7069866726999
44,0.5001831987193623,0.7431160595050651,191.70726472629116
44,0.8999999761581421,0.0861821946407217,6.1524832119478265
44,0.5001793170278218,0.7530238392679681,191.70868146164722
45,0.746874988079071,0.4937500059604645,7.814405667633515
45,0.8999999760077894,0.08618102861334213,6.152479536349129
45,0.8999999758787555,0.08619998482704326,6.152466978224383
45,0.899999960110688,0.08619826505268047,6.152468600032093
45,0.8999999679689038,0.08619734747174475,6.152469405227599
45,0.8999979470987568,0.08620833772220526,6.152484970298361
45,0.8999999607588106,0.08618932931793018,6.152476782731238
45,0.8999997229091337,0.08617352036221827,6.152487378998281
45,0.8999999663355421,0.0861882457796925,6.152477747186772
45,0.899999967127033,0.08619547791403682,6.152471108047468
46,0.8999999174104887,0.08621345209299157,6.152513919946438
46,0.8999999148798005,0.08616060863554709,6.152514799287654
46,0.8999992613522456,0.08616223957201825,6.152515829942658
46,0.8999996841292707,0.08617161127362212,6.152489305999687
46,0.8999996558598694,0.0861620034611544,6.1525145738127165
46,0.899996590075029,0.08621108421933371,6.15250413110363
46,0.8999999649114008,0.08618911628305906,6.152476961063065
46,0.8999998981331079,0.08616033555864135,6.152515092415013
46,0.899999709232042,0.08616220436810833,6.152514206628732
46,0.8999996535969794,0.08616220436810833,6.152514411978924
47,0.8999999451711417,0.08618629287600081,6.152479600770686
47,0.8999999407523749,0.0862029979358403,6.152464577657602
47,0.8999999179561899,0.08619862399172251,6.152468429426589
47,0.8999998812771386,0.08619933364894147,6.15246791973132
47,0.8999997393904675,0.08620299196357505,6.152465326945723
47,0.8999999621610831,0.08619933364894147,6.152467620929695
47,0.8999994672115758,0.08620364069432333,6.15246574259333
47,0.6468750238418579,0.6937500238418579,8.267922394215429
47,0.899999946028124,0.08620296451621666,6.1524645885526
47,0.8468749523162842,0.29375001788139343,7.932560562709308
48,0.8999992879910942,0.0862056397174101,6.1524661362653
48,0.8999999522001496,0.0861914139984726,6.152474919123088
48,0.8999998848404605,0.0862065918698935,6.152471181289113
48,0.899999975884558,0.08619113718922776,6.152475083279214
48,0.8999999761181331,0.08620264628603748,6.152464766724192
48,0.8999999659545617,0.0861912596976084,6.152475008588597
48,0.8999999624604836,0.0861914139984726,6.152474881217772
48,0.8999999742808461,0.08622673250362095,6.152596645881779
48,0.8999998196950169,0.08622600225249927,6.152592321932082
48,0.8999999715254062,0.08619071188774469,6.152475486035203
49,0.6968749761581421,0.39375001192092896,7.758794465488043
49,0.8999978093101622,0.08619772367325272,6.152477037816749
49,0.8999998505667197,0.08619771944768766,6.152469500754246
49,0.8999997447677257,0.08619797579627718,6.152469658537958
49,0.8999998519436422,0.08619816493952259,6.152469090643938
49,0.899999708734256,0.08619772054684617,6.152470023716889
49,0.899999966084435,0.08621288876165556,6.152510333493575
49,0.8999999453219373,0.08618721434825316,6.15247876250125
49,0.8968749642372131,0.793749988079071,8.41378866308321
49,0.8999999592008304,0.08618797023435684,6.152478024046086
