iters,params_res,params_f,objs
0,0.7,0.4,385.97223842277924
0,0.79999995,0.2,361.1766371054325
0,0.6,0.6,435.7338447650966
0,0.65,0.3,399.7231269878213
0,0.84999996,0.7,402.535191488733
0,0.75,0.1,362.2189537883329
0,0.55,0.5,468.189331571863
0,0.575,0.25,440.29475962876
0,0.775,0.65000004,388.58914140122937
0,0.875,0.05,338.08775143872396
1,0.8968011594860139,0.0036966624992619134,375.447005486353
1,0.8980979845584645,4.2868124947343376e-05,378.8408736014095
1,0.8751890234158167,1.7525252556164813e-05,391.390530411624
1,0.8996626566659556,2.6422741581587125e-05,378.02231269843827
1,0.8989912890894277,2.6254462581281646e-05,378.38220760123045
1,0.8999245134186917,3.2897672253383772e-06,377.91469845400854
1,0.8969165146884288,0.0002486173683865005,379.2709227676019
1,0.8990008326355822,9.164184282473395e-05,378.3164518543788
1,0.8964762288895969,3.5591290365570115e-05,379.71654628722945
1,0.899660218293102,4.322677984764552e-05,378.0033193942692
2,0.8995942325799661,0.10532515469099046,338.65502295228544
2,0.8842991416288697,0.06539252323654543,330.40737577837723
2,0.8972124466449097,0.0822589722603667,328.23086683916716
2,0.8911401093898318,0.05789337389586069,330.9397340814117
2,0.8999203809308158,0.09949294028518688,335.8900002057604
2,0.881994766732047,0.07555806624003232,328.76134474063446
2,0.8693708868859564,0.06130683400800302,333.95981638956704
2,0.8997071276465601,0.08492513828577145,329.56297776858946
2,0.8995776394818151,0.07326119173434675,327.64632601055456
2,0.8728130714791171,0.05454618088301676,336.2011524446315
3,0.5010706287045155,4.3571977029130176e-06,902.8239996179927
3,0.899951702677631,0.07106957948193356,327.7680388377682
3,0.5003007667445758,8.044699005672682e-05,903.7094324411449
3,0.5003007667445758,0.00014233456907607645,903.620350238169
3,0.5014517283984412,4.3571977029130176e-06,902.3224666056798
3,0.5001095899088466,4.315601091498759e-06,904.0899950934167
3,0.5000308568604307,1.044756234909854e-07,904.2017001624057
3,0.8999754725843973,0.06686077013086389,328.398320963302
3,0.5003575783820056,1.0336703980586487e-05,903.7525841941682
3,0.5000308568604307,3.667443212258538e-06,904.1951383298992
4,0.8998989832620825,0.0745722591886527,327.5652614514783
4,0.8999951065041564,0.07312670144915398,327.6295872796928
4,0.8996895986009061,0.07273206326477687,327.66403608744804
4,0.8990300319819045,0.07660787314015549,327.49438588178845
4,0.8999572963524353,0.0730088596690487,327.63795908098547
4,0.8995754137172953,0.0733626253132267,327.6422922370294
4,0.899589544652451,0.07325552198474958,327.6459914472522
4,0.8995882422360594,0.07374258870942935,327.6240007580831
4,0.8992902924443013,0.07326407199262634,327.660788343163
4,0.8982262563606359,0.07435424187064385,327.65795012421574
5,0.8996306679075127,0.0761325514579606,327.49815401579707
5,0.6749999523162842,0.45000001788139343,397.8991817388455
5,0.8999971402871244,0.07235559642376277,327.6645688674152
5,0.899938766147532,0.07430554633195062,327.57447673324566
5,0.8999975848430133,0.07654649934398318,327.4473942513009
5,0.8999979027575993,0.07294271596184007,327.63914724130456
5,0.8998081365546318,0.07486560029427386,327.5556337948212
5,0.8997489380047541,0.07463658720461663,327.5697163257741
5,0.8997965740787908,0.07431513164576993,327.5812166766797
5,0.8999892841860624,0.0790910509543885,327.6250987350419
6,0.8999421102098394,0.07700637958137967,327.4131748998999
6,0.8991631430826136,0.07678434157448602,327.4718923048561
6,0.8971626098924084,0.07707042544118636,327.55266415803897
6,0.8999993526431,0.07652091384957116,327.4492376659115
6,0.8996320231028505,0.0771139304579497,327.4200846467579
6,0.8997372366258191,0.07701493485032512,327.42314165076544
6,0.8999700214312089,0.07776013032951533,327.43160329403196
6,0.625,0.15000000596046448,424.62922239614255
6,0.8999157616370648,0.07662474884160735,327.44569510048916
6,0.8999937705717664,0.07823518493111024,327.4920522371378
7,0.8994240771666818,0.07699341131204616,327.44093858898543
7,0.824999988079071,0.550000011920929,395.7470183019735
7,0.899813566420281,0.07490733071444662,327.5531435544797
7,0.7250000238418579,0.3499999940395355,379.3666437998928
7,0.8997531780345849,0.07697756095046902,327.425075934297
7,0.8999647517843397,0.07697259662654617,327.41446932186585
7,0.899923227870597,0.07692164694618998,327.42065013093566
7,0.8999978311641095,0.07720720461234154,327.3934006301286
7,0.8999609291086967,0.07693282425708546,327.4178054730443
7,0.8999193804094489,0.07636705873330817,327.4645148823695
8,0.8998086565525705,0.07682500207624837,327.4348534697722
8,0.8999904663419996,0.07771342307451759,327.42706737728844
8,0.8998381669269608,0.07705479219734095,327.4146091005483
8,0.8992639589543662,0.07727148446998894,327.42646853548865
8,0.8998564795811645,0.07726840854697499,327.39584794428583
8,0.899980878105968,0.0771526697824843,327.3986828731805
8,0.8998639729901128,0.07700022996491106,327.4175932027364
8,0.8999989388026965,0.07727287101856051,327.3880800586763
8,0.899992478736042,0.07726598083592232,327.38897718004296
8,0.8997083381092702,0.07773639557858686,327.42449673963637
9,0.8999794614545686,0.0772351454844493,327.39209062347464
9,0.8999985939623295,0.07723539570440267,327.39107621985096
9,0.8999996242983701,0.0772225577116597,327.3920641824549
9,0.5249999761581421,0.75,664.6810376667053
9,0.5375000238418579,0.375,474.9681690896809
9,0.8999973605089235,0.07790413733919,327.4487757399776
9,0.8997286528417908,0.07734717799650506,327.39600443884035
9,0.89985951833195,0.07734717799650506,327.3899777542699
9,0.7374999523162842,0.7750000357627869,388.56375485476985
9,0.8999986188738174,0.07725560932675982,327.3895235738019
10,0.8988233149335567,0.07747458578691879,327.4316660093729
10,0.8999844933169449,0.07653224215384018,327.44915392734123
10,0.8999792104423244,0.07738732897387436,327.3940990219439
10,0.8999998682706807,0.07737330806590641,327.3935073823177
10,0.8999971504106397,0.07652831700554938,327.4487899603184
10,0.8999951728861847,0.07653224215384018,327.44860216282575
10,0.8998807013108637,0.07743300293764843,327.395588801484
10,0.8999997580914109,0.07739074556409536,327.39461991215614
10,0.8999791522823491,0.07759186604647975,327.41362939895714
10,0.8999999740212294,0.07737672683609258,327.3937219719435
11,0.8999987959118514,0.07727194199306557,327.38816321111375
11,0.8999982417188456,0.23455773975340774,402.4196942688391
11,0.8999957434195432,0.2316277508087172,401.68278515416165
11,0.8999998684546602,0.23395254687042796,402.25714718347984
11,0.8999957434724337,0.23279308379695302,401.96478375752315
11,0.8999944894639172,0.0773100710699039,327.38953037287945
11,0.899999872711231,0.23375059687188884,402.2046971808868
11,0.8999998214418564,0.07727191650785535,327.3881119945657
11,0.8999967207787474,0.23284006850851946,401.97662044338415
11,0.8999987504237432,0.07728065912478423,327.3880819763128
12,0.858713087515745,0.08645741711598182,329.18362825817945
12,0.861831969162268,0.08740623374257261,328.61707665516974
12,0.8634179937840927,0.08597709469350773,328.7293308831679
12,0.899918587560231,0.07718936357533135,327.3990050067784
12,0.8999117342666904,0.07717978580790441,327.4000912766366
12,0.8624550003567523,0.08647112807109325,328.71192829438223
12,0.8627999756785805,0.08595123413157708,328.816666772727
12,0.8999990126082295,0.07718936357533135,327.3948274128436
12,0.8999975098546046,0.07726559222459825,327.3887473862781
12,0.8589134551170577,0.08762887359746344,328.8633388750757
13,0.8392377478022782,0.10901596595876925,330.5744426403483
13,0.8999945663093765,0.07727286964654922,327.3883073990988
13,0.8807933986563065,0.0840377553713215,327.9941228868513
13,0.8447499284722247,0.10324028927390597,329.2313417635384
13,0.8414473999786057,0.10617695934945032,329.8473446926086
13,0.8493000671374792,0.10276282925525165,329.42159120325493
13,0.8835144271475773,0.08171108639238822,328.0412427317865
13,0.8495761609646953,0.10150130148186026,329.1414272548
13,0.8440625492116766,0.1043318152626339,329.4708811677953
13,0.8441504766088987,0.10624809115754293,329.9355225546278
14,0.8724009091336701,0.09205277079924643,328.39281392005734
14,0.8999663510019068,0.07730253883406452,327.388675513308
14,0.8729796705147008,0.08928708780045214,327.80070733697045
14,0.8722982618932416,0.09065933993851656,328.00926645281896
14,0.8999895648770715,0.07751912568069956,327.4061047072887
14,0.899962068388974,0.07727740975093958,327.38962617897437
14,0.8721581309920916,0.09018604257922128,327.88218086601137
14,0.8705107985959694,0.09171344888205465,328.1298478181648
14,0.8722529982441753,0.09065715904159453,328.0053057596418
14,0.8999989677041546,0.07732207930052476,327.39033776216814
15,0.899997718595219,0.0772724856377438,327.38817488398064
15,0.8373862022250976,0.09494290312180646,330.37560211780794
15,0.8999987522247398,0.07726126022539417,327.3890510503776
15,0.8999997614341997,0.07740014281783221,327.39520734707054
15,0.834156429578576,0.09540617126110697,330.8658464970122
15,0.899975952821837,0.07726126352784367,327.390235531473
15,0.8386511811747698,0.09437855754061589,330.2729653789958
15,0.8999998623309627,0.07761988632842522,327.41710230623596
15,0.8999994768616605,0.07726126352784367,327.38901312754285
15,0.8326395243340956,0.09537413231799535,331.14137219920576
16,0.8999856013729487,0.07727286964654922,327.3887732937304
16,0.899999225796621,0.07730028919500002,327.3889877123611
16,0.637499988079071,0.574999988079071,418.0728451037313
16,0.8999996410757596,0.07728999440759936,327.3886755375569
16,0.8374999761581421,0.17499999701976776,360.7146568343438
16,0.8999989898705034,0.07732980021928294,327.39081754822456
16,0.8999995909850049,0.077274348170463,327.3879257426655
16,0.8999994409562998,0.07726086365403738,327.3890475364857
16,0.8999998945013554,0.07732336801536602,327.390430541453
16,0.899999898519804,0.07722451878773505,327.3918909516004
17,0.8999990159681903,0.0772704634533602,327.3882722771455
17,0.899981711614589,0.07727434486150742,327.3888551854773
17,0.887499988079071,0.4749999940395355,413.7376958256819
17,0.7875000238418579,0.2750000059604645,375.5275852534972
17,0.5625,0.125,505.84459902484156
17,0.899999298701089,0.07729605587475395,327.38872555730745
17,0.762499988079071,0.5250000357627869,387.4631907055693
17,0.8999999276361047,0.07727222344741723,327.3880814576662
17,0.5874999761581421,0.675000011920929,443.19988290844844
17,0.6875,0.07500000298023224,438.58468734842995
18,0.8624999523162842,0.32500001788139343,397.2997526483905
18,0.6625000238418579,0.7250000238418579,407.69395854186115
18,0.8999999601236842,0.07727351750085748,327.38797428152395
18,0.8999993840570597,0.07727508916887847,327.38787607940304
18,0.8999867842358584,0.0772771432495328,327.38836338162923
18,0.8999916114044608,0.077274351765301,327.3883401353685
18,0.8999964708925249,0.07730794592291325,327.38942560397766
18,0.612500011920929,0.22500000894069672,411.46476676649525
18,0.8999981649849144,0.07728914056035453,327.38860210977157
18,0.8999998655218071,0.07724710130300246,327.3901774113606
19,0.899999734828276,0.07727508991956711,327.387857789295
19,0.8999999120946055,0.07726209189284841,327.3889230907955
19,0.7124999761581421,0.02500000037252903,473.0944779636493
19,0.8999999210434293,0.07727507133322689,327.38784962755557
19,0.8999972001148602,0.07725467522917209,327.3896732512857
19,0.8999999603406075,0.07727973802956588,327.3880412023299
19,0.8125,0.625,393.10950240321733
19,0.8999999534878529,0.0772414216015217,327.3904738331129
19,0.8999999730062207,0.07725451189164985,327.3895424534928
19,0.8999946554488916,0.07724047095446143,327.3908263404079
20,0.8999993611034407,0.07728179409357677,327.38816111083736
20,0.8999931111132329,0.07728064937319433,327.38800381327246
20,0.8187500238418579,0.012500000186264515,410.366151812478
20,0.899999970773068,0.07728116274432906,327.38813014829157
20,0.512499988079071,0.42500001192092896,670.7817261179159
20,0.8999998573185611,0.07728860880895413,327.3885922886302
20,0.71875,0.612500011920929,389.23492661555144
20,0.518750011920929,0.21250000596046448,672.5109859543309
20,0.8999999239966979,0.0772817635466526,327.38816694843956
20,0.899985166417317,0.07728178180541848,327.3880690826099
21,0.8999997974684231,0.07727576581268815,327.38779942075706
21,0.8999991289667786,0.07726936666501717,327.38835577899675
21,0.8999995859591429,0.07728606215655871,327.38843005277926
21,0.8999997935348673,0.07727407576811042,327.38793742557806
21,0.8934985250350856,0.07893056867887302,327.64757236734755
21,0.8999997297285247,0.07726895966838601,327.3883577215619
21,0.8999991798548144,0.07726936664610437,327.3883531360921
21,0.899999964889321,0.0772693934376647,327.3883101579045
21,0.8999993613860138,0.07726917713148095,327.3883591443276
21,0.8999999758284251,0.07727045627545741,327.3882229815024
22,0.59375,0.0625,535.4562915435432
22,0.8999980524950993,0.07727584149623237,327.387883932671
22,0.7687499523162842,0.3125,377.2160903690909
22,0.8687499761581421,0.512499988079071,407.9208665272574
22,0.668749988079071,0.11250000447034836,415.45126541932416
22,0.8999819195322455,0.07729043405807784,327.38832419316066
22,0.8999953408533204,0.07727575387875515,327.38803199785883
22,0.5687500238418579,0.7125000357627869,456.56487775912774
22,0.6187499761581421,0.4124999940395355,419.58929887608343
22,0.8999964241984555,0.0772892744732302,327.38858650716145
23,0.8999994542301388,0.07727511363191802,327.38787043799056
23,0.8999997135189888,0.07727388410730879,327.3879572094839
23,0.8999999085504309,0.07727534783554774,327.3878277310346
23,0.793749988079071,0.4625000059604645,387.3631938802781
23,0.643750011920929,0.36250001192092896,405.9836720227648
23,0.8999949944260301,0.07727489214296775,327.38812026595815
23,0.8999999724580692,0.07728813989907254,327.38856468952
23,0.8999957205178495,0.07726706952947246,327.3887200458486
23,0.8937499523162842,0.26250001788139343,403.57724483461175
23,0.6937500238418579,0.6625000238418579,394.6683114555214
24,0.8999990578479171,0.07726368617108804,327.38883770130315
24,0.8999992151405402,0.07730536661673446,327.3893030913967
24,0.8999998479002236,0.07726102257586571,327.3890134572126
24,0.8999998540973592,0.07727453358290676,327.38789695212824
24,0.8999998756680446,0.07730406100032972,327.38923104888056
24,0.8999993884110526,0.07730407763838232,327.3892253825075
24,0.8999996789923993,0.07728696125329867,327.38848729695434
24,0.8999998479002236,0.07726098621959941,327.3890164160076
24,0.84375,0.762499988079071,400.8697868080608
24,0.8999994272402078,0.07727576792240143,327.3878184888745
25,0.7437499761581421,0.16250000894069672,346.5865727519744
25,0.543749988079071,0.5625,475.8281839971537
25,0.8999992931803419,0.07727494752073968,327.3878923516465
25,0.899999207419064,0.0772749716361737,327.38789484220257
25,0.8999990277774714,0.07727576792240143,327.387839248301
25,0.53125,0.1875,669.7038897267711
25,0.899999098964824,0.07727530031265233,327.38787367873755
25,0.6312500238418579,0.7875000238418579,421.3338965146599
25,0.8312499523162842,0.38750001788139343,391.719679707675
25,0.731249988079071,0.5875000357627869,388.24343931189287
26,0.8999998739048861,0.07728451317956138,327.38833758196085
26,0.8999995768291821,0.0772698458100048,327.3882934627302
26,0.8999988219105376,0.07729479100280787,327.3886403557236
26,0.8999997513678165,0.0772844900219256,327.38833445525086
26,0.8999989803471462,0.07727475948513662,327.38792394044776
26,0.8999843441783767,0.07727538709962005,327.38863339623003
26,0.8999999705611549,0.07729454537488145,327.3886408767514
26,0.8999999486824526,0.07727404518907044,327.3879318559778
26,0.8999997196038376,0.07728548723971015,327.3883961016896
26,0.8999997310289292,0.07728477699231198,327.38835204166884
27,0.8999993625012405,0.07727485178250267,327.38789655523567
27,0.8999999706682003,0.07727573935660637,327.38779257721467
27,0.899999074601232,0.07727575100686179,327.387838194312
27,0.899999917146256,0.07726771465815763,327.3884494140002
27,0.8999916242663036,0.07729096848146033,327.38849086906106
27,0.8999990688514088,0.07727575100686179,327.3878384931288
27,0.8999998568227988,0.07727551218958084,327.38781701756227
27,0.89999997388924,0.0772914106896097,327.3884590424097
27,0.8999990836762084,0.0772757715899939,327.3878360442545
27,0.8999975730676469,0.0772756395785624,327.38792531297156
28,0.8999998965780329,0.07728250514720686,327.38821278541656
28,0.8999996105472634,0.07727405623103653,327.38794852786685
28,0.8999899469070866,0.07727891562446428,327.38805445987134
28,0.8999982572399484,0.07727874118803958,327.38795563656157
28,0.899999770441202,0.07727725213442535,327.3878836053881
28,0.8999985647731277,0.07727410177769435,327.3879991611474
28,0.8999997588331802,0.07727570637920549,327.3878062750533
28,0.8999998820128582,0.07726825552174282,327.3884071772476
28,0.899999299007198,0.07728327041812295,327.3882522529094
28,0.8999995373560653,0.07727438581993273,327.3879254600224
29,0.8999998677237393,0.07730457727796866,327.3892630205452
29,0.899996815299653,0.07729096355455405,327.3885619373195
29,0.8812499642372131,0.6875,412.7938777792553
29,0.581250011920929,0.48750001192092896,443.48762895702237
29,0.8999819828042694,0.07730372830534184,327.38896434465056
29,0.8999976738097415,0.07729142549133271,327.3884283367311
29,0.8999924671169337,0.07729096355455405,327.3885021511681
29,0.78125,0.08749999850988388,352.7214184164437
29,0.8999994208383583,0.07727553541441196,327.3878377810993
29,0.6812499761581421,0.2874999940395355,385.7828727672529
30,0.8999999460009167,0.07728725681586902,327.38850936487034
30,0.8999995375513005,0.07728924056084793,327.38862720523025
30,0.8999999748360907,0.07726552651155723,327.38862464616113
30,0.8999999700297582,0.07726723170920073,327.3884860076431
30,0.899999157447532,0.07727864758024329,327.38796218128385
30,0.8999968443378608,0.07727850600096317,327.38792154198853
30,0.8999998011756049,0.07728027404745386,327.3880724249034
30,0.8999994196488145,0.07728932433926047,327.3886307972402
30,0.8999996933860692,0.07731389651538807,327.3898395536858
30,0.8999999438821344,0.07727475974435274,327.3878738463742
31,0.8999979425847111,0.07727582202441895,327.38789123239195
31,0.5562499761581421,0.3375000059604645,457.6314220241957
31,0.899997059601717,0.07727573812007904,327.3879439616797
31,0.8999975290379298,0.07727571791965285,327.3879212129571
31,0.8999996932322497,0.07727582699852688,327.3877998484204
31,0.8999994389727106,0.07727562142837004,327.38782982486214
31,0.8999962575303965,0.07727573876050832,327.3879855920503
31,0.8999996979124637,0.07727577812927507,327.38780359015766
31,0.8999964365036001,0.07727573805418911,327.38797634864164
31,0.8999999119912406,0.07727399736817729,327.3879376614915
32,0.8999995798204139,0.07727788687250824,327.38792056168995
32,0.8999945426197167,0.07732087170668203,327.3902019009809
32,0.8999998721633761,0.07728412365952439,327.38831329685036
32,0.8999999761581421,0.07731243502973707,327.3897526665637
32,0.7562500238418579,0.737500011920929,388.09387429704736
32,0.856249988079071,0.13750000298023224,346.06302055072655
32,0.65625,0.5375000238418579,409.73657001153373
32,0.8999983001547481,0.07727852054787519,327.38794247094046
32,0.899998289844062,0.07727778300335701,327.38789634401985
32,0.899998289844062,0.07728113794285141,327.3881054853389
33,0.8999994155510028,0.07726916538950407,327.3883572863139
33,0.8999952476611001,0.07727573812007904,327.3880381259613
33,0.8999927941555856,0.0772806138911432,327.38799724280454
33,0.8999994592197954,0.07728011567859422,327.3880578507657
33,0.8999996331660899,0.07727991639574593,327.38804782113806
33,0.8999909728386974,0.07727987692806657,327.3879262579844
33,0.8062499761581421,0.4375,388.1967191207307
33,0.8999997866693411,0.07726939959174865,327.3883189178445
33,0.606249988079071,0.03750000149011612,550.3299380964723
33,0.8999994410368598,0.0772812615514254,327.38812902099824
34,0.8999999655286062,0.07727831530428347,327.387952578855
34,0.8999998767528301,0.07728114323176431,327.38812763916184
34,0.8999992552770417,0.07728112648699073,327.3881180486028
34,0.8999999655286062,0.07728193340731489,327.38817810524614
34,0.8999999616829111,0.0772830464754435,327.388247412577
34,0.8999952437959874,0.07727800139029126,327.3878680680027
34,0.8999986627505474,0.07727961978398525,327.3880159856051
34,0.7062499523162842,0.23749999701976776,370.2950098888906
34,0.8999998130538402,0.07728243301316705,327.3882071418515
34,0.5062500238418579,0.637499988079071,681.6126315906067
35,0.5093749761581421,0.3187499940395355,669.2422496108636
35,0.659375011920929,0.01875000074505806,526.9485022546444
35,0.8999999192869172,0.07727573318835428,327.3877957504014
35,0.609375,0.518750011920929,429.35729671830103
35,0.8999995667470396,0.07727601784902173,327.38780383214174
35,0.8999987257409778,0.07727573920572316,327.3878572863456
35,0.859375,0.41875001788139343,401.58480015672137
35,0.809374988079071,0.11874999850988388,333.87725492194716
35,0.7093750238418579,0.71875,390.887406470546
35,0.7593749761581421,0.21875,362.6076457846809
36,0.8999998032290725,0.07727569356445986,327.38780501284157
36,0.8999996137673681,0.07728423869439446,327.38831691022165
36,0.8999994731171186,0.07727572872146866,327.38781930133297
36,0.8999998326188507,0.07727666595577247,327.38784790723173
36,0.8999998375601472,0.07727566813839837,327.3878053020628
36,0.8999989413807338,0.0772754025299966,327.38787353327854
36,0.8999981530684756,0.07728362117623809,327.3882583482316
36,0.8999875817335695,0.0772792143329921,327.3881530137136
36,0.8999999027833899,0.07728272844966132,327.3882267857314
36,0.8999965921363652,0.07729181300654596,327.3884375658833
37,0.8999952414056196,0.07727921367202475,327.3879436157233
37,0.8999854959053067,0.07727503897266985,327.3886019254072
37,0.8999992239125286,0.07727578677710022,327.38782751797265
37,0.8999992629394534,0.07727571810333084,327.3878310897805
37,0.8999998532282545,0.07727506151763956,327.38785395210834
37,0.8999999665719702,0.07727557367136727,327.3878063007003
37,0.8999998728507298,0.07727497557935907,327.3878599395152
37,0.899998000607983,0.07727573849506376,327.3878950283481
37,0.8999994835616582,0.07727503145071363,327.3878756145324
37,0.8999998665443403,0.07727477664868392,327.38787648717084
38,0.8999998695267423,0.07727573812007904,327.3877979341988
38,0.8999993053300073,0.07727574085260673,327.38782703173786
38,0.8999999332023312,0.07726403556710848,327.3887637692324
38,0.8999998979904615,0.07728013598957358,327.38806515111196
38,0.8999999216125876,0.07727622352968365,327.38782154034914
38,0.8999999679694924,0.07727809017587366,327.3879385759163
38,0.8999999679694924,0.07727804730242664,327.38793590273815
38,0.8999997487680855,0.0772644074455155,327.38872752474623
38,0.8999999043828444,0.07728004415180013,327.3880595145901
38,0.8999997891649197,0.07728126997232794,327.3881343334775
39,0.8999979319983175,0.07727790660841613,327.38789912939194
39,0.5843750238418579,0.16875000298023224,451.3944391415663
39,0.89999804395982,0.07727448545258364,327.38799494562153
39,0.8999998473722974,0.0772770389037557,327.38787136691417
39,0.8999997859949124,0.0772770389037557,327.3878705227633
39,0.8843749761581421,0.3687500059604645,407.2228445112312
39,0.559374988079071,0.6187500357627869,463.6434915935818
39,0.684374988079071,0.768750011920929,398.55371242881364
39,0.8999950156129576,0.07727810227952035,327.38787122024667
39,0.7843749523162842,0.5687500238418579,388.55749909408
40,0.8999998014453193,0.07727440951019152,327.387909804346
40,0.8999999429380878,0.07728432103732022,327.38832656713726
40,0.8999996184188127,0.07728025639172745,327.3880688110119
40,0.8999999215417511,0.07727421075806941,327.38791976769
40,0.8999987998120224,0.077279725586456,327.388024465983
40,0.899999938990414,0.07727412062845904,327.38792620916837
40,0.8999992588826584,0.07727986955641883,327.3880397539635
40,0.8999999750559411,0.07727865628986326,327.3879739689698
40,0.6343749761581421,0.26875001192092896,405.2191997825017
40,0.899999903660009,0.07727417557570909,327.38792356538875
41,0.8999999637616539,0.0772933712534461,327.38856777066627
41,0.8999997984145099,0.0772847799562259,327.3883531527744
41,0.8999999697288912,0.0772852942360085,327.3883875258894
41,0.734375,0.06875000149011612,406.88979783981534
41,0.8999995424126703,0.07727180038130826,327.3881359599463
41,0.8999998877418208,0.07728398764319999,327.3883050368132
41,0.8999998064937247,0.07727148897471635,327.3881476178021
41,0.8343750238418579,0.668749988079071,398.6146971694006
41,0.8999965137343714,0.0772848266220617,327.3883108926912
41,0.8999995707349179,0.07729496640423794,327.38866155823365
42,0.8999996696047378,0.0772788681370233,327.387982975292
42,0.8999950115141363,0.0772793830725872,327.38795101440434
42,0.8999997803073182,0.07727870061689197,327.3879740540908
42,0.8999978748872584,0.07727345483629777,327.38808775512825
42,0.8999986829618983,0.07728351945553644,327.38825929767637
42,0.8999990572470029,0.0772788681370233,327.3879745535049
42,0.8999999652900318,0.0772875087085707,327.3885253080723
42,0.8999981740783543,0.07730238937265684,327.38910377425947
42,0.8999999704058682,0.07727969662425026,327.3880387597192
42,0.8999989929721824,0.07727921017168045,327.3879949921973
43,0.8999998637139848,0.07727884154453617,327.38798398706143
43,0.8999992736699802,0.07728136680278849,327.38813327878546
43,0.899999824226918,0.07728167966990658,327.38816034905705
43,0.8999951091093159,0.07728137270660398,327.388076373692
43,0.8999986565422277,0.07728075746207864,327.3880868144246
43,0.8999998579221133,0.07727884154453617,327.3879839074172
43,0.899997761262797,0.07728124481909941,327.3881048769485
43,0.8999998133165535,0.07727896011296391,327.3879906857071
43,0.534375011920929,0.46875,480.5849878859032
43,0.8999998807393915,0.07727923235306482,327.38800858457887
44,0.546875,0.09375,551.3039815775871
44,0.8999962848083256,0.07729558314831209,327.3886547244185
44,0.8999956091885007,0.07727575999945763,327.3880175536929
44,0.8999998807164659,0.07727535946355193,327.3878282293608
44,0.8999999749566505,0.07727784809595856,327.3879235783802
44,0.8999991813194711,0.07727569075311594,327.38783756169045
44,0.8999999758640889,0.07727573746043626,327.3877924618169
44,0.8999999687390021,0.07727552309868004,327.3878103119259
44,0.746874988079071,0.4937500059604645,386.4201366270741
44,0.8999989939394182,0.07727571031101232,327.3878457046872
45,0.8999999737830102,0.07727471034087537,327.38787632054976
45,0.8999998886891133,0.07729035480658471,327.38856632722656
45,0.6468750238418579,0.6937500238418579,414.28967736254947
45,0.8999999022699873,0.07728926856400725,327.388633962625
45,0.899999953765931,0.07727517083124627,327.3878398141361
45,0.8468749523162842,0.29375001788139343,390.16885254551977
45,0.8999999229106028,0.07727529118015784,327.38783160445774
45,0.8999997632908687,0.0772746826967608,327.3878895133173
45,0.8999990710015533,0.07727570922854374,327.3878417881602
45,0.8999999504766875,0.07728470201711621,327.3883503914759
46,0.8999999105327808,0.07728811205299012,327.38856210509346
46,0.8999998801988507,0.07727616264389477,327.3878171735974
46,0.899993405950707,0.07728769482120999,327.38844670003095
46,0.8999999761581421,0.07727573812007904,327.38779239274123
46,0.8999997077598729,0.07728432916087037,327.3883238390006
46,0.8999964320366757,0.0772799914672722,327.3880084761264
46,0.8999935357512614,0.07729064173910678,327.38849682571185
46,0.8999998801988507,0.07727945302309137,327.38802233367034
46,0.8999983305887483,0.07728804151088212,327.38853599067215
46,0.8999969755245671,0.07728807205864738,327.3885192596685
47,0.8999995043431773,0.0772785211589435,327.38795907043095
47,0.5718749761581421,0.24375000596046448,442.4325486143185
47,0.6968749761581421,0.39375001192092896,386.57373641801007
47,0.899999739467624,0.07727882640802368,327.3879813346441
47,0.8999981299887285,0.07727573029702064,327.3878889731369
47,0.596875011920929,0.59375,437.4751210666854
47,0.8968749642372131,0.793749988079071,417.8313870316532
47,0.8999999380063618,0.07728512809431447,327.38837674651114
47,0.796875,0.19375000894069672,358.64841552737187
47,0.8999994830546174,0.07727823099590038,327.3879406867725
48,0.8999999661629791,0.03523308444948912,340.41137129575156
48,0.8999999660286808,0.07727753120499813,327.38790369683426
48,0.8999998871534495,0.03526268700277786,340.38947473336015
48,0.899999952568883,0.03538680458686355,340.2971788832769
48,0.8999999364500666,0.035562077811853804,340.1668473304793
48,0.8999999673154816,0.03538469735733204,340.2987391745303
48,0.8999999743704009,0.03535653953841166,340.3198108534272
48,0.8999999259573859,0.03560698894973575,340.13279400338115
48,0.899999693730726,0.07727456765573446,327.38790250796336
48,0.8999999649811133,0.03538469735733204,340.2987398895472
49,0.8999979452987675,0.07727413597669167,327.3880285657594
49,0.671875,0.4437499940395355,398.79975984508553
49,0.8999992731779898,0.07727750062650383,327.38789226110697
49,0.8999988346241096,0.07727537759486315,327.3878811144594
49,0.621874988079071,0.14374999701976776,432.341626007826
49,0.8999996083407124,0.07727573812007904,327.3878115075956
49,0.8999998464096621,0.07727537035813235,327.3878291238683
49,0.7718750238418579,0.643750011920929,388.4406155551971
49,0.871874988079071,0.04374999925494194,343.41583680990726
49,0.8999989173376484,0.07727066714895076,327.3882608027132
