iters,params_res,params_f,objs
0,0.71500003,0.4,680.3640933447109
0,0.8225,0.2,731.4023237428219
0,0.6075,0.6,676.3821704745058
0,0.66125,0.3,669.567033840966
0,0.87625,0.7,764.468853315319
0,0.76875,0.1,697.6018797997407
0,0.55375,0.5,637.3305472247134
0,0.580625,0.25,683.3006700853493
0,0.795625,0.65000004,727.6561367549978
0,0.90312505,0.05,700.1757434945789
0,0.688125,0.45000002,683.2434111349316
0,0.634375,0.15,704.9769419657922
0,0.849375,0.55,754.8294625381959
0,0.741875,0.35,676.4264250515711
0,0.526875,0.75,657.7953433699707
1,0.5342226710515906,0.44524127115846396,635.6133015301017
1,0.51053989451005,0.42859724736119637,685.0003291044783
1,0.5266536927530854,0.4928359599897924,658.3335278669063
1,0.5125206480447406,0.4622647831830043,682.497726117181
1,0.5018284747311256,0.47227286921102063,694.6358309323517
1,0.5000863943408498,0.4489072760450128,696.3425746961815
1,0.5253403653505899,0.4489236621576344,661.3542742526283
1,0.5021529671768792,0.418360025540054,694.3107593973141
1,0.5166057823700468,0.45405181280905516,676.8504226291637
1,0.5050902264325585,0.4546969936412705,691.2589667071728
1,0.5453893995552178,0.48225863292349275,649.3105867633928
1,0.5194671424486829,0.4531506735796457,672.4069154016133
1,0.5426204339531245,0.4950017232555392,648.6567235524332
1,0.5035085508672099,0.46892996798906833,692.9273381603274
1,0.5201833706579708,0.460120403921956,671.2164534171313
2,0.5548387973144349,0.03224558664538642,713.9564614502048
2,0.5352680899773874,0.38397406672325607,638.3811783642715
2,0.5354828198444688,0.2918381017551936,643.7050509303136
2,0.5364561990617943,0.31340325972099425,645.0528523287924
2,0.5362858879860368,0.14182917978545334,708.6662544836125
2,0.5356583321985515,0.3757731279744342,639.3729172938027
2,0.5365260411043217,0.18225731297288833,660.2283018217338
2,0.5559384231938,0.14057406798893912,684.8794082268969
2,0.5354824133881284,0.18866112293344595,651.0248922060455
2,0.5576192275850639,0.16421193896999065,688.8199986898177
2,0.5546556182351269,0.17180497689062557,681.4513025170468
2,0.5523917472261398,0.017990775868639078,752.9940155493358
2,0.5572004997690523,0.05151732628545858,757.266946894047
2,0.5544929828204833,0.010737853701550157,755.2366399319349
2,0.5518278897006679,0.04455272770447062,747.5033225862175
3,0.5560775055531145,0.7994895857525209,645.9736234432149
3,0.5645324321510203,0.7441047156303875,661.8815887062451
3,0.5337662336170332,0.5752229982394462,633.7428690253988
3,0.5573379000937199,0.7972042828612037,649.7874483206883
3,0.5350832740900621,0.7891937739510934,637.999692351471
3,0.5343507153600622,0.452206945211188,636.0471977547861
3,0.5343507153600622,0.7814126622601122,636.0471977547861
3,0.5607458389885361,0.7819835423279045,656.7541020842
3,0.5543388909499318,0.7169905576706823,637.6700249191596
3,0.561026029716959,0.7031946422609447,657.2018218296141
3,0.5666758804407591,0.7988076785239727,664.0399199247001
3,0.553650266826196,0.785633698714605,637.8805108202619
3,0.5639531196145314,0.7654919451807661,661.2053559287368
3,0.5554485109471946,0.7830809561797946,643.5600723156208
3,0.5603625002767201,0.7442944495507777,656.1185006307848
4,0.5036262185761619,0.0042095012075664805,817.5195537630648
4,0.5337627726558977,0.48548972275685864,633.7263451070447
4,0.5324094445321663,0.5787416101905379,638.6343324266649
4,0.5509051170524941,0.7729952243184102,645.7970922897684
4,0.5336346209523019,0.4928049327053442,633.0839409608624
4,0.5337492967226196,0.6032396157668216,633.6616107445793
4,0.5001926971120901,0.002740498137748443,823.7327816870842
4,0.5333098756737725,0.6792000649535392,632.8113257160882
4,0.5042015990151926,5.86628009091597e-06,829.5789387336694
4,0.533160069744381,0.6227429936673377,633.9175370157742
4,0.5339688165046912,0.7232697912942886,634.6433471683077
4,0.5337746587012758,0.6240818397433159,633.7829217767575
4,0.5504161752046712,0.48548972275685864,646.502953005569
4,0.533160069744381,0.47081603517256476,633.9175370157742
4,0.5508259037889762,0.6195571656829243,645.9197623060595
5,0.5304094671912514,0.2205784223169716,658.5660261621882
5,0.5333098769688976,0.6707208318021364,632.811315740438
5,0.530021071434021,0.23024366755430153,658.7341639879353
5,0.5294093480153326,0.21544540822205144,662.4038367727107
5,0.592083126474594,0.0007989197393353603,780.8636882805808
5,0.531737386716274,0.23400109953624693,652.2080186946882
5,0.5331747085895411,0.7698109124732523,633.8134105785739
5,0.531737386716274,0.21729234395827585,654.2287334224465
5,0.5333648843679046,0.38252070277574834,632.3805988367851
5,0.531737386716274,0.2372482393345866,651.8426036321994
5,0.5300328280747453,0.22771596954029694,658.9802420633681
5,0.5333098769267006,0.4899959815990615,632.8113160653717
5,0.5876866300893812,0.014635425237888411,743.6336071199074
5,0.5886101710027866,0.0002754158762247588,784.8297216311325
5,0.5333098769289866,0.5017173688362256,632.8113160476427
6,0.5002565928043816,0.10587714059358379,759.2954165566231
6,0.5335451906123573,0.3979993645087334,632.5970741844509
6,0.5009102489100311,0.11558660726752473,753.577332344576
6,0.5049341632499222,0.11165501878614702,753.865377742904
6,0.5334991785083772,0.41083476915122263,632.3327938158495
6,0.5335864955185669,0.3714736299417486,632.8261746642207
6,0.533545391336791,0.4009270551060943,632.5982057669102
6,0.5007523646657092,0.11248450340114668,755.1497807373712
6,0.500035441994543,0.1062726996367639,759.1211588301314
6,0.5000287607546527,0.11105786565394676,756.0973605045964
6,0.5335451906123573,0.37541843222831456,632.5970741844509
6,0.5009102489100311,0.1163223281131134,753.2189098703822
6,0.5335864955185669,0.3774694112607931,632.8261746642207
6,0.5051335800118187,0.11105786565394676,754.0768229848519
6,0.5335382275044335,0.37754166814526563,632.5577070330587
7,0.5334991812705994,0.3877652647753113,632.332809979472
7,0.5333053466042659,0.39785888635147754,632.8461647668594
7,0.5333053466042659,0.4350939586527094,632.8461647668594
7,0.6208928060228878,0.00020286963291546792,765.3594215920647
7,0.6150255113239493,0.0028790708127672104,757.0231950427261
7,0.5334991812705994,0.448578832591823,632.332809979472
7,0.5335056138076806,0.4110928346729623,632.3703521899731
7,0.5334991812705994,0.4108831325060803,632.332809979472
7,0.6175774790329714,0.00570197458853125,736.6903066775546
7,0.7553125023841858,0.7750000357627869,684.5646648013803
7,0.6149091132464791,0.00020286963291546792,769.220238845954
7,0.5403125286102295,0.375,647.06569337232
7,0.6153958679374353,0.009019369919601101,728.234144266307
7,0.614278916755267,0.0055002755144956655,741.5146136641126
7,0.6122741478848681,0.0023091089001178126,761.7531336577149
8,0.6005853719526388,0.11947664654668214,699.4482331129956
8,0.5335020051421043,0.40384752891397085,632.3493152430715
8,0.5335532524134314,0.41882923924964655,632.642380312416
8,0.5335571786169575,0.3913813913068229,632.6643399139944
8,0.5335445891495809,0.39616182601989586,632.5936823554065
8,0.5335547226134597,0.39763441383328935,632.6506112983947
8,0.5974610367760458,0.12950725649945297,699.1003711100227
8,0.8628125190734863,0.17499999701976776,744.3997003560974
8,0.5335012940122619,0.39929739801407715,632.345162346228
8,0.9165624976158142,0.4749999940395355,776.1609886193907
8,0.5335004538956246,0.3931844001989822,632.3402530726438
8,0.5335572994867619,0.4690516663755113,632.6650148629182
8,0.7015625238418579,0.07500000298023224,694.5375911087789
8,0.6478124856948853,0.574999988079071,655.5710104050388
8,0.6002009024740874,0.12186637212405739,699.5691373012198
9,0.5294251202103994,0.00011480317234716369,816.975518198183
9,0.5334729983948086,0.38324243180864814,632.1779350170539
9,0.5334980672165391,0.42406362431378003,632.3262879388614
9,0.53349707126967,0.39911047278123646,632.3204522963227
9,0.5334982225700259,0.3984547095320651,632.3271977866822
9,0.622760377484872,0.47052234915018026,672.438470588703
9,0.8090624809265137,0.2750000059604645,732.5987245615918
9,0.5307185774631478,1.0667607733022108e-06,816.6873664478398
9,0.5333911833266574,0.3936796099644463,632.169527464575
9,0.6364580646715617,0.4888490682072535,665.8394360286543
9,0.5334498969145312,0.40902288662357694,632.038463936687
9,0.5940625071525574,0.675000011920929,676.3681404244733
9,0.6232351479064252,0.5565111510097822,672.2346106396388
9,0.5333911833266574,0.39061042291414244,632.169527464575
9,0.5294709399846166,0.0002488771368225871,816.5722711636688
10,0.6662776150641074,0.0009383743324871078,727.0551737597633
10,0.5334501833230227,0.39287462640225634,632.0402096493425
10,0.5334538780500511,0.391853618108299,632.0626920556888
10,0.6632064892072752,0.08332443549827531,709.689705824988
10,0.6651981265519458,0.09605430072114116,699.6145593719358
10,0.5334499614174736,0.3823863368033989,632.0388571306001
10,0.5334498882293701,0.42920661249073394,632.0384109922093
10,0.6646892918903445,0.09605430072114116,699.9228029191432
10,0.6643512728742087,0.07388280254654722,712.933840665963
10,0.5334588566007884,0.4163591109888153,632.0928764975287
10,0.6662776150641074,0.006194091645290528,713.0062290032723
10,0.6651257796418997,0.03273229159736664,668.1183404069952
10,0.6652761285641838,0.0811764077114753,710.2361545734346
10,0.6651998437455663,0.09605430072114116,699.6134742069426
10,0.6633687136582913,0.08641050583604276,708.0069162071105
11,0.5334498882293701,0.410436743981368,632.0384109922093
11,0.729887184521979,7.383017225224011e-06,651.8104298103028
11,0.7440618441559357,0.00038959134890794296,678.924780963362
11,0.5334498882293701,0.393170156098389,632.0384109922093
11,0.7318224841139448,0.0008748792391451471,666.4487094524063
11,0.5334498882293701,0.40188499346792644,632.0384109922093
11,0.731718098570487,0.0026811793320156195,675.1150437965125
11,0.7422582821583652,1.2629188935562432e-07,675.0192054007948
11,0.5756496628612496,0.10398651358684205,714.1438201086959
11,0.5334498882293701,0.4128292861266394,632.0384109922093
11,0.5334498882293701,0.39622555122646763,632.0384109922093
11,0.567187488079071,0.125,685.1449626992899
11,0.5334498882293701,0.40081799101091536,632.0384109922093
11,0.5334498882293701,0.4086574309382067,632.0384109922093
11,0.5750939902966338,0.09410752437784042,727.6752096452502
12,0.7031608057874101,4.348530791119774e-08,693.0492568856159
12,0.7101946873440461,5.104515997930043e-08,682.1674061630222
12,0.7035188297572351,1.3484066370423743e-05,692.4389800765914
12,0.7080304972928008,8.325665091202723e-08,685.8867169348191
12,0.7072567028054656,9.373797415554124e-08,687.123740417505
12,0.7112103042460303,2.1886192531670813e-05,679.9302680368512
12,0.70572762901688,1.056438933746295e-05,689.3237269645373
12,0.7129296117157659,3.5641347678083777e-06,676.699504288095
12,0.7074002474839594,1.0602298557860547e-05,686.7605685561768
12,0.7074236809701829,2.183410619495966e-06,686.8361752505898
12,0.7124653985871094,6.331749731674782e-07,677.7391240326858
12,0.7110418756217407,9.063705337280689e-07,680.5774054812247
12,0.7129380748758243,2.2044705326943735e-06,676.7057673126253
12,0.7129380748758243,9.373797415554124e-08,676.7433582138347
12,0.7067307081579545,2.6315963106709313e-07,687.9387201973283
13,0.8887589814641882,7.730151525260427e-06,681.5672767029658
13,0.9280551894584597,5.045579599005689e-07,668.6811537284821
13,0.5334498882293701,0.4105464446890299,632.0384109922093
13,0.8880393637359899,0.00019352425547996437,681.4458927507917
13,0.9196145273377563,7.754024684653222e-06,671.7995042464426
13,0.8960082504453099,2.5154678877852612e-05,679.4706018247997
13,0.9056126057640119,3.7556893019457482e-06,676.5540167078816
13,0.533449874542813,0.4001426244565813,632.0383275592369
13,0.5334498882293701,0.384979109863527,632.0384109922093
13,0.5334457030423911,0.4030290244693914,632.0128532458871
13,0.5334476505049747,0.3920281467813152,632.0247570533896
13,0.8884744372681797,3.573343302872703e-06,681.6537451139991
13,0.5334498882293701,0.38753538764422213,632.0384109922093
13,0.5334498558237994,0.41629775805118846,632.0382134466018
13,0.5334502514405687,0.42119118770861064,632.0406247766056
14,0.5000000286250852,0.6710058795969445,696.4255453036913
14,0.5334457159042358,0.40555853191131325,632.0129319277382
14,0.5000000000000684,0.56820028714408,696.4255727782738
14,0.5334457159042358,0.42506470070482916,632.0129319277382
14,0.5334457159042358,0.4353373871269867,632.0129319277382
14,0.5334457159042358,0.3888225947524138,632.0129319277382
14,0.5000000174063777,0.5672735117777906,696.4255560715086
14,0.5000000000439327,0.5733715729794604,696.42557273617
14,0.5334468386194872,0.2930287827007256,636.7284622254097
14,0.5334457159042358,0.4348026013699202,632.0129319277382
14,0.533445748050086,0.4542241353537004,632.013128574792
14,0.5334457098822443,0.3168991581928504,635.4335729694794
14,0.5334457377399145,0.31503764988722605,635.5364599228255
14,0.5000000011308876,0.5170288530600013,696.4255716929043
14,0.5334457159042358,0.4057828071214109,632.0129319277382
15,0.5334457159042358,0.4021864111278612,632.0129319277382
15,0.5334457159042358,0.39905819325591446,632.0129319277382
15,0.5334457159042358,0.41179665390190756,632.0129319277382
15,0.5334457159042358,0.4550397704362883,632.0129319277382
15,0.5334457159042358,0.4058555157257494,632.0129319277382
15,0.5000001533149772,0.7477908946219705,696.4254256248834
15,0.5537964976260894,0.28167296293339183,643.2288470014885
15,0.5537583865706432,0.27911579633533773,643.608321007223
15,0.5537964976260894,0.2866800590631736,642.9152967436015
15,0.5000001943836301,0.7955070839168112,696.4253862066454
15,0.5334457159042358,0.3990845976478714,632.0129319277382
15,0.5334457159042358,0.4126304195257973,632.0129319277382
15,0.5334457159042358,0.4437493699835709,632.0129319277382
15,0.5000001606573955,0.745641898485826,696.4254185775405
15,0.5334457159042358,0.41199639364416407,632.0129319277382
16,0.7821874618530273,0.5250000357627869,717.7375876102021
16,0.500000375445433,0.4851261010946377,696.425212420727
16,0.5000003719299478,0.5968592433207515,696.4252157949561
16,0.5334457159031388,0.40310675610979746,632.0129319209445
16,0.6209375262260437,0.22500000894069672,695.3141490628357
16,0.5334457154845966,0.4255877490358422,632.0129293606025
16,0.5000003404351769,0.4793491162460186,696.4252460241639
16,0.5000003401761883,0.5317573587799652,696.4252462727463
16,0.5334457177695203,0.43015539606824754,632.0129433384163
16,0.5334457177444095,0.415241597562048,632.0129431848115
16,0.5000003512093887,0.48303035534463934,696.4252356829055
16,0.6746875047683716,0.7250000238418579,683.0283109982505
16,0.5334457137982572,0.43162251291777376,632.0129190445401
16,0.8896875381469727,0.32500001788139343,768.6823459236717
16,0.5334457159975927,0.4875234799732271,632.0129324986732
17,0.5000006739166019,0.7119833439978821,696.4249259420275
17,0.5334256642910565,0.4494606214477444,631.8892208804198
17,0.735156238079071,0.612500011920929,670.2331973025782
17,0.5134375095367432,0.42500001192092896,681.290967484257
17,0.5000007018154298,0.5171526384342414,696.4248991640519
17,0.5201562643051147,0.21250000596046448,681.9205381914013
17,0.5334224662338461,0.39557083399236254,631.9138905042605
17,0.8359375,0.625,749.245456206314
17,0.7284374833106995,0.02500000037252903,635.5684590475872
17,0.5000006724099586,0.5681844701701574,696.4249273881139
17,0.5000007018629031,0.47572007901737956,696.4248991185
17,0.5334224691119976,0.43738288418757615,631.9138667501844
17,0.5000006579684085,0.5736399478568152,696.4249412494697
17,0.5000006694245289,0.7173797894650062,696.4249302536084
17,0.5334224941521004,0.44803541060293434,631.9136600864347
18,0.7188472017041619,0.0346872666200278,655.7052871649717
18,0.7216684246474424,0.033926420223700446,653.232293393118
18,0.7193840239919536,0.033570937663442206,653.710163010875
18,0.7205124612229974,0.035143311776512115,655.6514024237413
18,0.7238017468895768,0.03381064129943758,651.8061697061521
18,0.7236644274074753,0.029655408799477694,643.4546923784741
18,0.7250529539180453,0.02916746957392214,641.3567104493071
18,0.7197160052394502,0.034050856350059534,654.3578956143348
18,0.7242787059724243,0.02922146155392487,641.9578147332411
18,0.7242260317725127,0.029926209460809646,643.8385065948789
18,0.7225947555579638,0.031221574242132934,647.7348857986932
18,0.5334256887435913,0.45411863730813723,631.8893730306874
18,0.7234953502647766,0.029869559239311123,644.0949340579654
18,0.7207079200276065,0.0336140232145907,653.200613299479
18,0.7202468128042727,0.033596875485069136,653.3859857215162
19,0.5334256887435913,0.44787373506030714,631.8893730306874
19,0.5334256887435913,0.4429347820558828,631.8893730306874
19,0.5123229474040462,8.870811063717393e-06,825.6628429309646
19,0.5334256887435913,0.4420067002566348,631.8893730306874
19,0.5121948624173034,4.998879364625803e-08,825.7754733049236
19,0.8426562547683716,0.012500000186264515,657.6975372020166
19,0.5334256887435913,0.45679100254968746,631.8893730306874
19,0.5334256887435913,0.44454855708388424,631.8893730306874
19,0.5123275091700867,3.903518683490865e-06,825.7009676855795
19,0.5334256887435913,0.45569424502863287,631.8893730306874
19,0.5128474392604179,0.00014461145937408782,825.0392348819489
19,0.5334256887435913,0.4519779837612524,631.8893730306874
19,0.6276562213897705,0.4124999940395355,670.0272727171504
19,0.5122905650387096,1.848273684937153e-06,825.7237486652573
19,0.5334256887435913,0.42492945457352344,631.8893730306874
20,0.7630465393998814,0.02277868298050621,621.1747593720635
20,0.7571165202470129,0.02267193251944449,621.0925673861619
20,0.7618825276572039,0.022665955016251405,621.0901853452865
20,0.748462193638288,0.02334396603885421,626.8590304128805
20,0.5334256887435913,0.4505607876686096,631.8893730306874
20,0.7478770760163811,0.023744135058867803,629.8255235501631
20,0.7436615941663444,0.023772968761348996,629.9183288065561
20,0.7602396023019812,0.022861843295583086,622.6807397243987
20,0.7612698409488431,0.023743442596405148,621.5094745030963
20,0.7548348890874308,0.022743870335095364,621.3172262788507
20,0.748796211818011,0.02374924103270842,629.7507687239778
20,0.7541069269683108,0.02283854488248097,622.4814213533699
20,0.7564507609168711,0.023335676368328208,625.9968970827659
20,0.7427255068121638,0.023922077463502542,630.9285094774599
20,0.7436615941663444,0.02376000384097501,629.8188961304762
21,0.7509849095614655,0.01619553682853932,670.2113545408295
21,0.7527222758436565,0.01990798754802282,648.5840450362319
21,0.7509999273009776,0.017356386616381475,665.1292039009517
21,0.7514140933955284,0.017810511135867617,662.7446008938888
21,0.755674569780694,0.02184532939526814,627.7946841111502
21,0.7508982873677585,0.016829448780557144,667.554661003089
21,0.7509204190010126,0.016537375914577112,668.8181332482206
21,0.7508861936355045,0.017297634963136077,665.4310128944331
21,0.7530016190135849,0.02010868300258854,646.8346235015201
21,0.7539747176694352,0.021060002663224806,637.8064223397897
21,0.754957302197881,0.020623987827958986,641.2208295395612
21,0.7509483412870441,0.0170496360070504,666.5474372333094
21,0.7547332472326298,0.020091380058095142,646.1392083486567
21,0.7539747176694352,0.0204101654714346,643.7825281110702
21,0.7533658585991332,0.019517959486090267,651.4055118843527
22,0.793955181030469,0.024486165880496916,652.0048322462956
22,0.7707132455620579,0.02382444472793118,633.9869227384065
22,0.78058912426794,0.024299377876179723,645.3096104153458
22,0.7920117235959313,0.02462317171577473,652.0407506108969
22,0.7697442040590189,0.023829099104511392,632.9732165173167
22,0.7839529894499038,0.024470225153353262,648.0953129843944
22,0.7659866236778176,0.023839630777275526,628.097462079442
22,0.7860722903111095,0.024299450650504796,648.0031745932456
22,0.7826888216610883,0.02433216871238834,646.620693710703
22,0.7803769834320528,0.024298077448647898,645.1850514505404
22,0.7774144108387934,0.023847605389140273,639.9484208239116
22,0.7876099238174817,0.024486165880496916,649.7574436481516
22,0.7862122040448012,0.02455172003769113,649.5524618687339
22,0.7849052234620643,0.024473908939340653,648.5407154166703
22,0.7910899729572752,0.024483700042899605,651.0299988042979
23,0.5000000167230717,0.019639835383709083,761.3292822207413
23,0.7702315488447391,0.02141481871514932,617.1960972351345
23,0.7629366711142479,0.022511618231142224,619.7208699865392
23,0.7663664092843264,0.02194792568080954,611.7658336238304
23,0.7638590466830429,0.02233084170077331,617.8047551565122
23,0.7766450915975859,0.020505924164741923,625.969774958754
23,0.7560980704113991,0.022536785537147927,618.1041800670469
23,0.7643271781688862,0.022236865196885197,616.6076840483813
23,0.7702146680021752,0.02131161271035444,619.670467696598
23,0.7670981198314388,0.021746169368016766,613.0548235401242
23,0.7561631417923815,0.022651318572394025,620.3699387827511
23,0.7667816555220752,0.021878999240008863,610.0801996758955
23,0.7684563307763621,0.021774664390387877,608.5516907377746
23,0.7554347214043643,0.022624862001405434,619.5328617996172
23,0.7245556647060487,0.02125170652903666,647.7251705487871
24,0.7798871807590911,0.02195591293272342,618.4904592813584
24,0.774408786391919,0.02194227967635462,610.1826186012267
24,0.7717908489045897,0.02194165276883787,612.4432981067764
24,0.7874274783001292,0.02196672021944132,628.7003147432563
24,0.7782383062409284,0.021942281249152575,614.8876168541345
24,0.7766817584321992,0.021956993384387412,611.4804979924025
24,0.7729518104044384,0.021966737875439984,611.8064270783373
24,0.7815379063005182,0.02196685732128312,621.4446720671117
24,0.7843399088292597,0.02197530746343327,625.422097805902
24,0.7845359519096641,0.021937303190652176,625.0355101976392
24,0.7837798683275071,0.02196658922166669,624.5775817081626
24,0.7801698289983395,0.02196820424256084,619.2561179726237
24,0.7859790354963866,0.02197537288138795,627.2945775532608
24,0.7849356819832282,0.02196649147340763,625.9972794184959
24,0.7755923805458498,0.02196646612234588,608.5126844708382
25,0.7683192620652348,0.02189017464721291,611.6665337756029
25,0.7683336507063347,0.02199792499347808,613.67626097222
25,0.7685270752200255,0.02207147915855703,614.6034366555936
25,0.7687934857925254,0.022344917171406672,616.2073564951062
25,0.76879354551422,0.02233220367558685,616.2289765974687
25,0.768530001468527,0.022105655074244848,614.9611582347134
25,0.7684849718346479,0.022019646300366347,613.991668754188
25,0.7687918472443261,0.022250411808688187,615.9276404044773
25,0.7686503527086728,0.02214727275495364,615.309133709063
25,0.7682593363703475,0.021956945881102675,612.9801222419605
25,0.7882199162245125,0.02023148893911637,614.3594178094431
25,0.5000030214907533,0.011699669219147822,790.9165840606044
25,0.7889556929571638,0.020131216269941223,615.4869305264176
25,0.7685584187161583,0.022242892238860914,615.9933066023855
25,0.768334976474244,0.021853244033790003,610.8071341176015
26,0.7751839754856563,0.022330074710826528,617.7966430196601
26,0.7753327074833988,0.022018894402825097,609.5053492751276
26,0.7995092119133512,0.02072076770098613,620.5488444062851
26,0.7752347588471088,0.022232921758911634,615.4952590838285
26,0.775245277934321,0.022108732049921944,612.1190756016249
26,0.7752558122118284,0.0220818785589528,611.3787343266574
26,0.7977582691892601,0.0207210855488506,618.0987177975541
26,0.7929644853116025,0.020768454740273,610.8447261673301
26,0.8016467473807486,0.020639385903366756,621.446902389456
26,0.7981458077332385,0.020723283817057653,618.7225113004293
26,0.7752404524349114,0.02234107215383427,618.163574192413
26,0.7963611839733211,0.020778419616690344,617.3836474596787
26,0.7753742842975576,0.02205281759571563,610.7813237999278
26,0.8016467473807486,0.020639611481863784,621.4517625555736
26,0.7913787858284366,0.02075586731039477,606.4275369790787
27,0.5137963272888454,0.0088041172620748,795.4394273895415
27,0.7890228555662339,0.020754756004738573,600.4521616114043
27,0.7899130873226579,0.020755866542458534,601.9542633414043
27,0.7877767588457046,0.020862713195363453,600.5201612578022
27,0.7857260059789064,0.02097795309643734,599.4859194823482
27,0.7884529720440646,0.020755861712111735,600.4611837662596
27,0.8034796876859208,0.019256333565203034,609.6762520200608
27,0.7893121245091423,0.020754619740353662,600.3738071883303
27,0.7895967277502688,0.020755968297651105,600.8467019726181
27,0.788646662180889,0.020772362951601567,600.1334835360348
27,0.7905095117857085,0.020754756004738573,603.840726700781
27,0.7870579993749508,0.020914232350349213,600.8774773537601
27,0.7879548269687673,0.020811652826385935,599.449584157556
27,0.7891362961886195,0.020757788913874208,600.3563002820388
27,0.7909187206692287,0.020754756004738573,605.0748821552154
28,0.7956102637898879,0.018181514447270106,639.4840436342529
28,0.7848827601440358,0.02094487147754459,596.783361600681
28,0.7828901668250199,0.020929855089697257,604.7581316797754
28,0.7985600982611153,0.019754058594599277,608.1923660682504
28,0.7809999576748667,0.021070201174396026,604.3334065489732
28,0.7824177999666745,0.020971811520243917,604.3383668961469
28,0.7809708411653751,0.021094239198470387,603.343333653311
28,0.7844121174930814,0.020893127552541017,601.4637107724499
28,0.7957313858621512,0.01907027974499951,627.1556777439241
28,0.7950268361454566,0.01905428159585963,628.1303831735228
28,0.78179807472382,0.021033105948543768,603.4956356866513
28,0.7832708463684296,0.020970966332660004,601.5501296407228
28,0.7952398688436562,0.018957082062616076,629.3064034798995
28,0.7849599071728187,0.02095150974244139,596.1710101742264
28,0.7845560636162496,0.020953958883488517,597.6271241787558
29,0.5534953388523214,4.6334141234519326e-05,804.8926911054543
29,0.7850210548233716,0.02102483327139484,599.423111886999
29,0.7847756431602088,0.021154077728417483,605.1269765020604
29,0.7836523846618557,0.021256240063651795,605.9456937142678
29,0.7836523846618557,0.021301877203128452,607.6905868978679
29,0.8095518841009782,0.019607341086518657,612.6629377840151
29,0.8126006463006975,0.019430176071339008,613.6490765188875
29,0.8139360235038015,0.019445511226923312,612.7956385025209
29,0.8138968926728094,0.01944667423198081,612.8009718278813
29,0.8078170395541814,0.01974681987367757,611.3927048758239
29,0.8126254421033577,0.01952261617333665,612.3262815997092
29,0.8108674777110585,0.019607341086518657,611.9932925298053
29,0.8115216551113937,0.019595825729554633,611.7529470415706
29,0.8137132271598788,0.019447567290307773,612.8991275482055
29,0.8116021642835943,0.01959653858916904,611.6784074415689
30,0.5326724482534959,0.0059254020619609145,795.9739356287116
30,0.5319800945498872,0.0059275481029976455,796.3616932309993
30,0.5321196396201017,0.005903618144763059,796.37413500718
30,0.6814062595367432,0.11250000447034836,696.8294580762148
30,0.7849599123001099,0.020951509475708008,596.1710175670346
30,0.5321170002307182,0.005903637205304468,796.3755692772847
30,0.600781261920929,0.0625,743.2485543147751
30,0.5313027299410379,0.005920795801169641,796.7742417026388
30,0.7889062166213989,0.3125,722.2003843209951
30,0.5319730421597286,0.005920795801169641,796.3917328216168
30,0.5313618124076661,0.005920846930705216,796.7403635279877
30,0.532116237935038,0.005925250156174025,796.2927431216553
30,0.5324587406242164,0.005903546515218322,796.1806055698527
30,0.8964062929153442,0.512499988079071,770.6626753812342
30,0.5739062428474426,0.7125000357627869,669.5980061407249
31,0.7620312571525574,0.16250000894069672,650.0056375290344
31,0.5000215730917754,0.015552944302008499,766.4954797616915
31,0.7082812786102295,0.6625000238418579,680.688591220952
31,0.5000011043075433,0.01548255785539178,767.1596497591738
31,0.5000029002354346,0.015559854926841964,766.4504269237931
31,0.5000145846216096,0.015545624053533944,766.5702219701158
31,0.8157812356948853,0.4625000059604645,739.5683335264638
31,0.5000207708990696,0.015492397226890782,767.0509731735618
31,0.5000000006004396,0.015492828190756584,767.0678027582045
31,0.5335937738418579,0.1875,653.776563481992
31,0.5470312237739563,0.5625,649.0553143793439
31,0.8695312738418579,0.762499988079071,762.2224685961546
31,0.9232812523841858,0.26250001788139343,775.9120538747926
31,0.6545312404632568,0.36250001192092896,668.1654333907486
31,0.5000877481605353,0.015556825866130355,766.3922517558115
32,0.8263239334239327,0.020264402670372737,635.0243360749624
32,0.7849599123001099,0.020962462237357454,596.0011780994074
32,0.8218562692620621,0.020128514608294127,630.9736794483273
32,0.8241631667218742,0.020222353345945184,633.4656322079074
32,0.8247335924928495,0.020263452982849813,634.226197668619
32,0.823022333659747,0.020223613683401767,632.8485206732428
32,0.8218562692620621,0.020150710127688716,631.265348153003
32,0.8214067080215692,0.020226078720542353,631.9263193012797
32,0.8262859177177647,0.020264402670372737,635.0061196413722
32,0.8194379060810721,0.020114958755841628,629.1266629818479
32,0.8220388551410771,0.020224525236913884,632.2888256935953
32,0.8240392658145184,0.02025443652864201,633.7611273589937
32,0.826241451188977,0.020264708532122075,634.9880165514583
32,0.8238549898016071,0.020224437349466124,633.32233437698
32,0.8198926991787598,0.020113023344284102,629.4264643814288
33,0.8228283038806754,0.01828215687427974,614.5940614820142
33,0.7849599123001099,0.020962461829185486,596.0011847018443
33,0.8175261230765819,0.018404472913671466,610.5743140516637
33,0.8206733881807136,0.0183877861848559,614.1120994145614
33,0.8151870499878289,0.018525419904604348,609.5952892015348
33,0.8175751421138655,0.018448464836009933,611.6642277641537
33,0.8195402375908896,0.01839858968615557,613.1777358209836
33,0.8198367567630107,0.018410296235665882,613.6530436757408
33,0.8193370658274742,0.01838397555796192,612.7094022995509
33,0.8157008184458245,0.018525419904604348,610.5364964332381
33,0.8172791708291054,0.018387498939790393,609.6576296294927
33,0.8162003521213459,0.018551068104876438,611.8616129830573
33,0.7772121386047489,0.021438471820318702,605.1944935611299
33,0.8166118582878994,0.018440897379192335,609.9029304634439
33,0.7779780022997312,0.021446057807868298,605.1668781725489
34,0.8135943437238087,0.017337482159859623,635.2462441045386
34,0.7850683500401218,0.02096238026790036,596.0587274970844
34,0.8126003424408387,0.01766935373434773,631.4781613809075
34,0.8118154974228853,0.01759485237524244,633.3302667550308
34,0.8112133165088555,0.01803412119941056,626.8978433631266
34,0.8131179335668973,0.01744950403838666,634.1719695321103
34,0.8131439049045467,0.01747511395813519,633.7938173845187
34,0.8131356641937815,0.01744950403838666,634.1558393459972
34,0.8118066058408695,0.017897546571219683,628.6599440885448
34,0.811773864363271,0.01786906886670792,629.1791063208555
34,0.8131622177354746,0.017411948246260158,634.644108926476
34,0.8118484693998382,0.01770141940446791,631.7408919887865
34,0.8129551356228577,0.017630970805431377,631.7029805800368
34,0.813117829891881,0.017499523543838484,633.4721643548526
34,0.8131225889581564,0.017499523543838484,633.4677303196947
35,0.9098437428474426,0.6875,774.3967797943719
35,0.5277450864288293,0.012566580263538542,765.2911720789954
35,0.7485937476158142,0.5875000357627869,675.0822841541634
35,0.5273954713375941,0.012691350328630424,764.6268742354658
35,0.5270471758195795,0.012654477071619711,765.2358330659092
35,0.5274638755817399,0.012710577021261531,764.4102993788086
35,0.5270423411953106,0.012652515481582161,765.2555771777987
35,0.5276286656275827,0.012692611603238538,764.4036470361314
35,0.5277108127262883,0.012676173118239788,764.4603023425643
35,0.5270159651951886,0.012683494771702929,765.0340493597683
35,0.5274087204992947,0.012787077435893319,763.8401312249525
35,0.5270651004862941,0.012646608651264662,765.2814091844288
35,0.8560937643051147,0.38750001788139343,757.4129252735955
35,0.6948437690734863,0.2874999940395355,669.4279391031548
35,0.6410937309265137,0.7875000238418579,664.4202793873568
36,0.5690214466872543,0.005879897629651622,773.8191170808234
36,0.5677591196109713,0.00571424875911624,775.4188804461653
36,0.5683372414114558,0.005718146414043392,775.0224541049068
36,0.5604687333106995,0.3375000059604645,658.8302024531328
36,0.5680145080487962,0.005805736275137883,774.8339646113568
36,0.5873437523841858,0.48750001192092896,675.118671998514
36,0.7754687666893005,0.737500011920929,711.8299207708236
36,0.8082281852368743,0.018832269873577008,613.543043874629
36,0.5677752699789139,0.005548157206336285,776.1590657899274
36,0.8383263909614822,0.018865397233298234,622.2577824663837
36,0.5668687554479884,0.005721470546596347,775.9644055891717
36,0.5675762920350969,0.0057075136161908405,775.5694637128058
36,0.5675753502903456,0.005894319260120836,774.7043508261143
36,0.8023437261581421,0.08749999850988388,703.8071339219944
36,0.8829687833786011,0.13750000298023224,728.7331747942541
37,0.8471027154664382,0.01750858594842193,617.0213391990592
37,0.8389926549893899,0.01775403004837526,617.3132796170614
37,0.841709906313881,0.017717366268300436,617.2554975131641
37,0.840490110252636,0.01771847496872702,617.3185150921022
37,0.8469859569745506,0.017517577196735423,616.9970622467127
37,0.841709906313881,0.01771728387529674,617.2556292008013
37,0.8423098985365582,0.01771728387529674,617.1958987589406
37,0.8433861858595572,0.017695238118365424,617.0949261031052
37,0.843688525968317,0.01756965110955545,617.2876870158905
37,0.84562979590485,0.017569456039245833,617.0868738199093
37,0.8435743662051444,0.01762537504016524,617.2330272187291
37,0.8433578241435273,0.01756965110955545,617.2998926990201
37,0.840730039070634,0.017739417915984945,617.3018057195579
37,0.8403695087703063,0.017754940649214696,617.3020909207718
37,0.8421234661463506,0.01769374674083085,617.2563215826356
38,0.8791425117207269,0.018403821281095883,633.3507061873322
38,0.8646185623587741,0.01830290983333327,628.9340840989009
38,0.866781404440297,0.018300358651509967,629.655463486626
38,0.8747109669995289,0.01840977935177289,632.7070053172868
38,0.8669144111696905,0.018327761514116143,630.0061540073665
38,0.8703376494457492,0.018300767770799663,630.7173791517412
38,0.8743915365935974,0.018378314005373604,632.3720001031597
38,0.8700750886100201,0.01841271544564812,631.752944166792
38,0.8727517688666073,0.018406924265735085,632.3007551891744
38,0.8676671017396064,0.01830796973719877,630.0249924696485
38,0.8731628099517759,0.018379450602378666,632.1364916294442
38,0.8711681044340985,0.018406167840121803,631.9483464532697
38,0.8726907533944928,0.01831132602486656,631.4006231786609
38,0.8765743732903354,0.018424442856943602,633.1456993336797
38,0.8728271719565183,0.018299671815274227,631.3202326160382
39,0.9288638944389871,0.01691176585463925,622.7917882615767
39,0.9188650413002368,0.016920535003493043,623.9246556253505
39,0.922894808498089,0.01691355238379313,623.557156675972
39,0.9278345299985166,0.016963968281577174,623.242703284569
39,0.9293636055014228,0.0169266937450849,622.7965604709524
39,0.8324734101186861,0.019410245471349903,627.5719007135026
39,0.8311668785934359,0.019410113459679346,626.6534682447906
39,0.8330821165282897,0.01943430649618826,628.3711992076217
39,0.8303158617139856,0.01940046715596983,625.827568962841
39,0.9254560101274075,0.016960636101825362,623.5537570683093
39,0.8303241903888813,0.01939997942622831,625.8255612396146
39,0.8318666802742624,0.019432859318667117,627.5066856375703
39,0.9210622496204374,0.01692326131202719,623.7828121516108
39,0.8311309826452766,0.019401470597807096,626.4798060668791
39,0.7849599123001099,0.02096147166814966,596.0170822986914
40,0.8598504132869358,0.016300552979092033,615.3716075697874
40,0.8631910391440184,0.01657493308319109,616.268822805429
40,0.8631910391440184,0.016560665742688933,616.2920092331738
40,0.863087597979468,0.016560508552346375,616.3024556819468
40,0.8591979514543182,0.01603250258689836,612.3162287271358
40,0.8589780060810741,0.016220248416121866,614.4096615157903
40,0.860236619346375,0.016111469123828128,613.9237601074226
40,0.8621745860502458,0.016553538022987778,616.3703435396809
40,0.8612403519371883,0.016349740070684054,615.7891736664451
40,0.8590418315965975,0.01621865679415074,614.4227895558115
40,0.8605728008094929,0.016283213049688116,615.4534740599215
40,0.8603528791094692,0.016275091109916637,615.3431868745178
40,0.8630642069464953,0.01656713028800378,616.3028807081123
40,0.8591581709016454,0.01617576504618649,614.0571813193376
40,0.8592737315880457,0.01620698645449678,614.4150792246353
41,0.8367817987141785,0.015410118434738187,639.2046432554787
41,0.8435106310170415,0.01571955040863476,629.7245691176449
41,0.8382490201641447,0.0157178496225441,634.5574049068222
41,0.8387078815317693,0.015423701982256241,637.5969804487356
41,0.8386826327354273,0.015672366570751793,634.7490476131386
41,0.8411389376293573,0.015718464937703562,631.9935205186963
41,0.8370348144018351,0.015509932853503399,637.940935886343
41,0.841015789488509,0.015712619554682044,632.1844744740316
41,0.8402195215900239,0.01569771996662111,633.097061196775
41,0.8420122637086723,0.01567569626281866,631.765843397742
41,0.8393639634635487,0.015635534039681077,634.6224830423691
41,0.8392021627718005,0.015630487212135696,634.8208667366774
41,0.8402869884161763,0.01569771996662111,633.0370752422078
41,0.8410187718736544,0.015717317765551075,632.119064612962
41,0.8370293970189895,0.0156312036176746,636.5985543212769
42,0.7250781059265137,0.71875,676.211474285393
42,0.5000040974215527,0.024088414008882626,762.8806347907215
42,0.7217187881469727,0.23749999701976776,658.7439605823978
42,0.5000041750299588,0.024088730190073574,762.8803481300132
42,0.6142187714576721,0.03750000149011612,709.6817143107356
42,0.5000119289876942,0.023984365174120083,762.9465442911118
42,0.5100781321525574,0.3187499940395355,688.5049726206719
42,0.5000828507227756,0.024079948647211424,762.8685437712096
42,0.5000090012969806,0.023991066714333945,762.9417640505997
42,0.5000477231523279,0.023986154329089748,762.9364248801186
42,0.5000034460028654,0.024072888591356884,762.8939045178319
42,0.5067187547683716,0.637499988079071,689.4759515844842
42,0.8292187452316284,0.4375,746.2138031504454
42,0.66796875,0.5375000238418579,681.0840912181242
42,0.5000010162111448,0.024088730190073574,762.8811203638596
43,0.8863281011581421,0.41875001788139343,767.661703658971
43,0.5907031297683716,0.16875000298023224,689.2646420816019
43,0.5237342760689165,0.018274849332042695,758.2555084375571
43,0.5241429126498596,0.018264546637010038,758.2083019068364
43,0.5241246441247482,0.018282332936690435,758.2392813863434
43,0.6713281273841858,0.01875000074505806,690.5831166466704
43,0.8325781226158142,0.11874999850988388,663.7285852913157
43,0.6175781488418579,0.518750011920929,674.3083361583836
43,0.5249818394367504,0.018239025808492945,758.1019648175294
43,0.5237186086435747,0.018239356342310425,758.2015428268243
43,0.5241366932878774,0.018262221899228853,758.2053080075724
43,0.5239524533617449,0.01814619828408375,758.032005922338
43,0.7849465889530453,0.020962461829185486,595.9934305184161
43,0.5638281106948853,0.6187500357627869,661.0554818869957
43,0.7788281440734863,0.21875,703.3183705276225
44,0.8959610010965374,0.0149515222551911,611.9196130163765
44,0.8892022543960948,0.0151011317743154,613.0227238315011
44,0.8888985656249261,0.01521187064630233,613.1522037929474
44,0.8886197087961087,0.01521069034876356,613.1913594980034
44,0.8895903872849211,0.01505342866093902,612.9174909590569
44,0.7849465608596802,0.020962461829185486,595.99341396757
44,0.8863273270308907,0.015215818414436184,613.4315856520234
44,0.8816147031389655,0.015220266335850087,613.3774778186041
44,0.8878812742308474,0.01510226111047901,613.1204657541135
44,0.8837722171830784,0.015204696887646748,613.4574833253743
44,0.8898272904731729,0.01510226111047901,612.9589810566401
44,0.886231752362954,0.015104538245238686,613.1667939054828
44,0.8852798974707862,0.015097600808194007,613.1214283635679
44,0.8931530163261436,0.015088050538513413,612.4194857343787
44,0.8887544296658584,0.015056207921803625,612.9784727070411
45,0.9257087310754963,0.013355144267602379,605.1950850848733
45,0.9297033887170484,0.01575613545872239,614.4506623511761
45,0.9299390780608936,0.013496196169995927,603.7224068369346
45,0.9296056132784779,0.01358939244951059,603.6199170401243
45,0.9298341713045525,0.013733149320492502,602.958175528471
45,0.9297732322646498,0.013700783225745642,603.135281269449
45,0.9297254847550583,0.015799100638655087,614.8477324982141
45,0.9290066070468586,0.013436724367783285,604.1803391631461
45,0.9297276843160064,0.013889784553934761,602.131125516005
45,0.9299210164816364,0.0139056730323117,601.9042511351823
45,0.9298771023316134,0.01582521413937334,615.0823638650392
45,0.9298678157378183,0.013808060656595001,602.5564802833704
45,0.9289896569906716,0.013812463880978678,603.0026839543206
45,0.9299396381145517,0.013675018100513515,603.1631332800229
45,0.9285224712888743,0.013748920005427826,603.5313761766156
46,0.8057031631469727,0.5687500238418579,733.9600663616712
46,0.5000008321327288,0.02874357291692965,755.9578942038108
46,0.500035617587335,0.028747348178191485,755.9379161704113
46,0.5000007263288492,0.02874667307699494,755.9511497714171
46,0.5000356871327314,0.028749296286997315,755.93364034883
46,0.5000000381719927,0.02875007745632954,755.9439439483788
46,0.6982031464576721,0.768750011920929,680.63793304084
46,0.5000703998923918,0.02859732385651334,756.2539980345939
46,0.5000246435480689,0.028853225823578126,755.7096422685033
46,0.9132031202316284,0.3687500059604645,775.2871090085646
46,0.5000139965229536,0.028844443212931482,755.7354383907652
46,0.5001806217272154,0.028747154110030617,755.8894422501048
46,0.5001180766671821,0.02884242120735363,755.7046657674408
46,0.5001281359684153,0.028588024332577986,756.2543783065178
46,0.5000220438802851,0.028581109148874507,756.3040970297275
47,0.9299751017998956,0.011723898653950088,594.0616413314466
47,0.9298617312571892,0.014530499949946237,593.7955606539712
47,0.9299940121322787,0.014558983190683515,595.0120145387336
47,0.9299836106310245,0.01207351477610991,599.80894407342
47,0.9299737379831707,0.01457285341868304,595.4715133016036
47,0.929950786916196,0.01203721762297808,599.4069112763856
47,0.9299980532567047,0.012182422140622236,600.803308034979
47,0.9299908957738093,0.014679240415186326,598.6988223231183
47,0.9299922290174382,0.012015663677117405,599.1726099270261
47,0.9298320848828193,0.012258619785484592,601.3485270111181
47,0.9299733602490294,0.012497006658242495,602.5659383527251
47,0.9298933982580626,0.011996973917350927,598.9062598483
47,0.9299630450083604,0.012358839349653745,601.9102997489101
47,0.9299283094989167,0.01259526636383191,602.8775534962301
47,0.9299539331364866,0.012284689488152955,601.5301028570674
48,0.929557084437265,0.010219377387874266,619.2292455594537
48,0.9299893752925498,0.014390285186969979,595.3150958174939
48,0.9299486079866361,0.010606190560031701,614.34293254857
48,0.9295152658053156,0.011045659229125915,608.3892389832141
48,0.9299395037350056,0.011398890993914541,600.6235952891178
48,0.9299999850853444,0.011222728775544547,604.4959390452718
48,0.9298862075286912,0.011422968634021676,600.0964462171722
48,0.9299292336807478,0.011532165697397113,596.8661626456098
48,0.9299893752925498,0.01440495159919735,594.9442715563288
48,0.9299422086274777,0.014473880262840204,592.98784222235
48,0.9298957703842343,0.011091923252980009,607.1152875846076
48,0.9299914447331037,0.01039934085176706,616.8392405410274
48,0.9296782209303619,0.011314087995242455,603.0335856197731
48,0.9299999850853444,0.010525949878489073,615.3046802248462
48,0.9299374918700819,0.01088171252798333,610.5059842430097
49,0.8883794799607522,0.011674127197556292,637.5104226587383
49,0.9299974243918656,0.01448498590959742,592.509604597498
49,0.8992865654141202,0.01173138216882972,628.985790892727
49,0.8905419076651627,0.011599730697431742,636.650188130999
49,0.9048950268315038,0.0116794518647053,624.874287002637
49,0.9172332810694295,0.011716661160453607,611.991790698724
49,0.9081328810882674,0.011715815831931601,621.5403383768215
49,0.8922654103171779,0.01168183960795379,634.7415417549333
49,0.8963732938482084,0.011732374266665182,631.251297074009
49,0.8954086833524151,0.01171781902352972,632.1166501383982
49,0.9014714346338737,0.011711829246530914,627.415080037778
49,0.8990121592293434,0.011738770517822465,629.130297703184
49,0.891806807009759,0.011658574249395835,635.2692435180114
49,0.90693952114985,0.011742109023212589,622.2500216075431
49,0.9116341066583027,0.011715815831931601,618.1418316871466
50,0.8038994865580099,5.9907977722462556e-05,694.5948632275829
50,0.9299988886677799,0.014492283031942856,592.403294707593
50,0.9219382365453476,0.014496464407779623,601.8931228464951
50,0.9271244260713695,0.014497639214140852,596.5275786884022
50,0.9257677709181762,0.014496576447977312,598.1961794488096
50,0.9249626133413996,0.01449677279841344,599.0729224447143
50,0.9197411595354412,0.014497550593221808,603.5607981244829
50,0.9211612648124735,0.014497066668651868,602.5091912309998
50,0.9268665992126791,0.014496522418993194,596.8820911478299
50,0.9268960024191379,0.014496852966681968,596.8373074318561
50,0.929979623129681,0.014496763993071664,592.5701337105904
50,0.9265096786295326,0.014496860577405018,597.317794934982
50,0.8632951929762496,0.014485707840216048,627.8885073631553
50,0.9268665992126791,0.014496234752414353,596.8886323392317
50,0.9274739218810075,0.014496481061411617,596.0938892735543
51,0.889508447761241,0.013535846333922113,613.5749877892156
51,0.9300000026576573,0.014492282643914223,592.4049295126084
51,0.8913027456059777,0.013608589863105541,608.9880187115805
51,0.8908710632844757,0.013557967106334107,611.013751752526
51,0.9287909391802429,0.007843636283620866,638.3691237450881
51,0.929999482442336,0.014492282643914223,592.4041581851625
51,0.8927127014968131,0.013711132537093296,602.7826046932438
51,0.8912732884751997,0.013561050332622218,610.2848323725361
51,0.929016560190888,0.007780216554059631,638.6065533453067
51,0.9298457103102368,0.007717912356776032,638.4495144550172
51,0.9298928857673253,0.00818587863011451,635.5393572679334
51,0.9281592929384994,0.008038741762631913,637.574863076591
51,0.9293027646010017,0.007673114570182521,639.0493986004604
51,0.9299145159313111,0.007621999042911331,638.9694516023217
51,0.8900277223551548,0.013565624019198072,612.1469225104839
52,0.718329779569542,0.008212050282275415,666.7732491261459
52,0.9299999585058014,0.014492265043074258,592.4040925245637
52,0.9014438643606927,0.01406788152257904,609.3724929425437
52,0.90193455675391,0.014069596160015211,609.4252742988126
52,0.9014437637839179,0.014065618928700023,609.3596214913659
52,0.8996873821805161,0.014035813829690196,608.9476783976345
52,0.9010896114217402,0.014049360060859556,609.2234855018576
52,0.8882648841764483,0.01651184776016627,611.8606602236913
52,0.9002907318833167,0.014067010410218779,609.2263594869529
52,0.8871845444690366,0.01658354658539175,612.6961380086989
52,0.7177347211764674,0.00827909537760317,665.6601981280825
52,0.902005429515114,0.014044179038903773,609.2926060839734
52,0.887270546691706,0.016504594766685466,610.7717703433814
52,0.9002744240192174,0.014069596160015211,609.2407283084938
52,0.9018522184499411,0.014071305259604637,609.427870580789
53,0.6594890924064261,0.011688680781956553,716.6144372404598
53,0.9073333718902734,0.012935812529918664,597.8137761815029
53,0.9299938215193808,0.014492282643914223,592.3957596894064
53,0.6561888592959454,0.011767204565502018,718.3028526706107
53,0.9299999657888667,0.014492282643914223,592.4048748495135
53,0.906266963927433,0.012903985855848107,601.1299918391002
53,0.9066750088558397,0.012926819810953321,599.3552816625443
53,0.9071168099625826,0.012884662258617922,599.9081656224979
53,0.6561888592959454,0.011763244878827924,718.3073097939528
53,0.9063625656496538,0.012903497326195489,600.9382188156087
53,0.9062729230008055,0.012900890783401266,601.2227809859323
53,0.9071434324453026,0.01293640110253941,597.7461086331301
53,0.9078220289814963,0.012945082976515958,598.9038722439401
53,0.9071288307551432,0.012915931326079655,598.6575215764547
53,0.906187773805464,0.012937422779227206,600.114883981964
54,0.7813070082156317,0.006142988042719885,691.699189376188
54,0.9299997785527299,0.014492282643914223,592.4045972398349
54,0.9084152468852613,0.01563145670826668,606.5550895826813
54,0.9299974447754359,0.014492282643914223,592.4011361753729
54,0.9299961410344892,0.014492282643914223,592.3992020094361
54,0.9078386194890271,0.013500297407136359,606.8730049557655
54,0.906078889784259,0.013416522594331171,605.781428132218
54,0.9088253282260088,0.01560187116262094,606.1332261130239
54,0.9058727381225973,0.013394536934805223,605.475456388239
54,0.9061081813830175,0.013462713049638902,606.224689351264
54,0.7773234149331935,0.006339258725174154,691.6106118887578
54,0.9064044493550164,0.013435973877395006,606.0721738596709
54,0.9299997784721659,0.014492282643914223,592.4045971204198
54,0.9067825911321266,0.013460084785359422,606.3816997335398
54,0.9089976332823806,0.01349950202583722,606.9996081115607
55,0.8467315952408477,0.005348133186642198,682.2128305697449
55,0.8761814470091748,0.01604413847720599,614.814906192176
55,0.876406278696023,0.01603099487642835,614.7913650041966
55,0.9299999529206308,0.014492282643914223,592.4048557704051
55,0.5859188152581607,0.01033105716365686,722.9975200448924
55,0.9300000068765301,0.014492282643914223,592.4049357676952
55,0.8761814470091748,0.016042493725517932,614.8187031276424
55,0.9299999097095726,0.014492282643914223,592.4047917034463
55,0.5843593325850934,0.010335673590590665,717.8030937555948
55,0.5854041043597125,0.010086717499018596,712.5382598009637
55,0.8761572089052548,0.01604576681341506,614.8169395904567
55,0.8406365699575439,0.0051070401851258706,684.2860341955882
55,0.8768148739419838,0.01604576681341506,614.6508234816405
55,0.8757728487921556,0.01604576681341506,614.9064700606273
55,0.9299999921842853,0.014492330660242095,592.4070184993398
56,0.5296931796709659,0.023007888315236622,755.4456972072826
56,0.929999945286445,0.014492282643914223,592.4048444516482
56,0.929999970485487,0.014492282643914223,592.4048818129594
56,0.8856417978822938,0.014246647540229637,604.0708772988285
56,0.9112072415557874,0.01497455410612302,604.545564190527
56,0.8878246178788103,0.014279002857733975,606.9799207977708
56,0.8861427725221718,0.014280339117315603,605.4903621123435
56,0.929999684427452,0.014492282643914223,592.404457679294
56,0.88361588011076,0.014259309069557337,603.5703820829917
56,0.8822883146034575,0.01429414113206986,605.4217841645841
56,0.8809389422836204,0.014279587756008518,608.8233945961108
56,0.9299999380134713,0.014492282643914223,592.4048336682656
56,0.8831993128438415,0.014275721205467494,603.9557162357415
56,0.8799168388324073,0.014259309069557337,611.3224132211676
56,0.8789082874681853,0.014279340155225757,612.5103686821893
57,0.6243648745479642,0.01473067808772915,730.1547627316351
57,0.9300000058296787,0.014491283540803947,592.361060092721
57,0.9299997428193536,0.014492056035908422,592.3946068325752
57,0.8971117546525951,0.015943377815359146,604.3753842880906
57,0.6251564302774822,0.014494276284635432,730.0727972072492
57,0.9299999840051851,0.014492152326117409,592.3991882619655
57,0.929999696571415,0.01449073982019693,592.3366537224103
57,0.6233102414988111,0.014307872288860941,731.0821843748743
57,0.6233208455301321,0.014311006843160019,731.0743165202258
57,0.6243974110849176,0.014307530899395267,730.6134595698545
57,0.6243183060191106,0.01473067808772915,730.1755710790377
57,0.9300000026140777,0.014493761540074422,592.4696190407528
57,0.929999696571415,0.014491264968442118,592.3597823348615
57,0.9299998255061575,0.014492282643914223,592.4046668572719
57,0.6243183549901818,0.014417337259847262,730.5269127303561
58,0.592114641669173,0.019505706701970733,736.9938540332984
58,0.9300000006484662,0.014490739442408085,592.3370910858456
58,0.5928436468697909,0.01946934593369034,736.7353765767829
58,0.9299999941923794,0.014490739442408085,592.3370814464588
58,0.5872138779694112,0.019506893620865974,739.1399487314841
58,0.5911034580544465,0.019457764678947807,737.5337036076456
58,0.929999918719578,0.014490739442408085,592.3369687602519
58,0.918938943430597,0.015201802285924035,603.8184533816038
58,0.9189361232724786,0.015204836424659607,603.889078778482
58,0.9300000071186736,0.014490739442408085,592.3371007462027
58,0.9195616329577058,0.015202160509370604,604.2473853975916
58,0.5911062676462524,0.01963962607064978,737.1848652724098
58,0.9300000058139961,0.014490739442408085,592.3370987982818
58,0.9193386272226822,0.015205596797163183,604.1800114984137
58,0.9191847473433733,0.015212204357849687,604.2309855248434
59,0.9300000005096839,0.014490739442408085,592.3370908785806
59,0.7392218509077978,0.0223761145394182,634.0620583642964
59,0.737510090058628,0.022372475152525335,635.0844799904943
59,0.709918664215657,0.012195891774461353,661.0560765304965
59,0.9300000055292962,0.014490739442408085,592.3370983730861
59,0.7030336336750875,0.012141791665504303,678.373871210047
59,0.70373782905481,0.012113159573218872,677.2875468361508
59,0.7384561871004153,0.02233090762719518,634.9639214625096
59,0.9300000000806187,0.014490739442408085,592.3370902379031
59,0.7369683338696549,0.022325912600928248,635.8016803856596
59,0.9300000023904342,0.014490739442408085,592.3370936866678
59,0.9300000008849444,0.014490739442408085,592.3370914388213
59,0.7035135632228254,0.012160425053580493,677.5000117722271
59,0.7378913343249054,0.022370399969896558,634.8951318440053
59,0.7378730012435843,0.022370399969896558,634.9053210587207
60,0.7653906345367432,0.4937500059604645,700.9544616367991
60,0.5541991857211772,0.014490739442408085,748.2899015973758
60,0.8594531416893005,0.668749988079071,758.6580993763187
60,0.5541977342285205,0.014531955947437282,748.4462645271122
60,0.6444531083106995,0.26875001192092896,685.7661093330776
60,0.9300000065534906,0.014490739442408085,592.3370999023431
60,0.751953125,0.06875000149011612,678.6239995413684
60,0.5503906011581421,0.09375,744.7815354942337
60,0.9300000015816634,0.014490739442408085,592.3370924792439
60,0.920664253390862,0.01238383841801919,599.5234315560509
60,0.5546037431584849,0.014490739442408085,748.3209405665664
60,0.5369531512260437,0.46875,642.4227900667051
60,0.5539210288627626,0.014490732284844548,748.2662993838138
60,0.8728905916213989,0.29375001788139343,762.5390604549821
60,0.9300000070519714,0.014490739442408085,592.3371006466366
61,0.9299999821150314,0.014490739442408085,592.3370634142998
61,0.8965294130495945,0.009419622607572422,647.9108907581119
61,0.8958051874390499,0.009522777441960917,647.7104188357634
61,0.9299999103517599,0.014490739442408085,592.336956266387
61,0.8962665093532881,0.009417394353438226,648.0672268171962
61,0.9299999618228834,0.014490739442408085,592.3370331167139
61,0.5650667598103527,0.02355760101225809,740.7450152917044
61,0.899193843316899,0.009524416103400667,645.8146220015425
61,0.895276468166013,0.009422023468847341,648.5788081078705
61,0.7545603402208404,0.010580265265608029,685.4772337552691
61,0.9300000051307231,0.014490739442408085,592.3370977779862
61,0.8999042369551641,0.009524416103400667,645.4150429238476
61,0.929999981386744,0.014490739442408085,592.3370623268813
61,0.9005936749030984,0.009528203383246236,644.9983536379638
61,0.750188209469736,0.011190522647080113,684.1789614385897
62,0.7042872827048745,0.004856098390841086,691.7879025071351
62,0.7018095802327369,0.0048685601824392626,693.8473271061425
62,0.9300000065798879,0.014490739442408085,592.3370999416641
62,0.7026525103424286,0.004916002620948324,693.1676917383752
62,0.9299999326509476,0.014490739442408085,592.3369895609407
62,0.7032544259446023,0.0048657258061045,692.6690759678903
62,0.7030885680601257,0.004867311788048257,692.8081560759987
62,0.9299999340162778,0.014490739442408085,592.3369915994436
62,0.9299999026533547,0.014490739442408085,592.3369447719464
62,0.7007706236410361,0.0048781734012299325,694.6485424085348
62,0.6578906178474426,0.6937500238418579,673.3616410867214
62,0.9300000030001384,0.014490739442408085,592.3370945969243
62,0.7019837192102095,0.00491485559461814,693.7112437831141
62,0.7034073407501817,0.004837139880085723,692.5363037127721
62,0.930000006300889,0.014490739442408085,592.3370995251711
63,0.5280649914087131,0.02770318875945046,747.7001392925653
63,0.93000000657244,0.014490739442408085,592.3370999306895
63,0.9300000069302198,0.014490739442408085,592.3371004648159
63,0.9300000057676436,0.014490739442408085,592.3370987290341
63,0.9300000069475726,0.014490739442408085,592.3371004906639
63,0.9299997620113508,0.014490739442408085,592.3367347784956
63,0.5252064167619335,0.02730829755739446,749.7606977800156
63,0.5269837134875365,0.027338711203404382,748.9796908218127
63,0.9300000069389853,0.014490739442408085,592.3371004778685
63,0.527407955435584,0.027291851579616704,748.9119577759967
63,0.5275745391733999,0.027251155207301557,748.9341582863608
63,0.930000001152575,0.014490739442408085,592.3370918384513
63,0.9299999651096756,0.014490739442408085,592.3370380240765
63,0.9300000054037182,0.014490739442408085,592.337098185632
63,0.9300000071525574,0.014490739442408085,592.3371007967586
64,0.9299983195141411,0.0048462247578142615,652.406563026165
64,0.9299999441387585,0.014490739442408085,592.3370067131165
64,0.9299999880517342,0.014490739442408085,592.3370722781309
64,0.9299789662980837,0.004793531304089795,652.6307979575065
64,0.92970895770886,0.004801383647352909,652.7342752050006
64,0.9299231604333998,0.004837278314404931,652.4809165608806
64,0.9299998318933209,0.004762862424311088,652.7451911864982
64,0.9298831336757443,0.0048455527489115685,652.4672642210414
64,0.9299999812995917,0.014490739442408085,592.3370621967472
64,0.8635626354110001,0.01526097074706074,612.6687514495119
64,0.9298085003267476,0.004792303618947729,652.7212497371964
64,0.8649149846704919,0.015313529843591288,608.088741201728
64,0.9297087422867458,0.005023624618292615,651.8210540815153
64,0.8652418406798674,0.01531488085996996,607.2716937912153
64,0.9298659501218296,0.004783440905115392,652.7284126393378
65,0.5000000820571052,0.007555474074326208,808.0654727249259
65,0.500001688766013,0.007549454201556985,808.0866764638446
65,0.9300000064499255,0.014490739442408085,592.337099747719
65,0.9299999923333991,0.014490739442408085,592.337078670968
65,0.9299997091293335,0.014490739442408085,592.3366558185536
65,0.9299999149861515,0.014490739442408085,592.3369631859467
65,0.9299999983406653,0.014490739442408085,592.3370876400677
65,0.5000002320409979,0.0075466102875356746,808.0978933716832
65,0.9299998726032949,0.014490739442408085,592.3368999046165
65,0.930000007138773,0.014490739442408085,592.337100776283
65,0.9299998419976466,0.014490739442408085,592.3368542072699
65,0.9299997805983615,0.014490739442408085,592.3367625312644
65,0.5000000611285615,0.0075667648610399825,808.0240214815606
65,0.9300000070550074,0.014490739442408085,592.3371006511759
65,0.5000000991300042,0.007577945263120197,807.9827536967969
66,0.546433018717596,0.003416292039829626,797.4652341502144
66,0.9300000066657045,0.014489173658044387,592.3547444775041
66,0.929999993436602,0.014490739442408085,592.3370803180513
66,0.5456409741453546,0.0034578458576551294,797.7558194267352
66,0.9060946683676465,0.01627163175736835,616.7840745905562
66,0.5455945245774878,0.003457865988392418,797.7814827841577
66,0.9112127456817417,0.012415662985939109,606.1309088082171
66,0.91121004540556,0.01624558588784539,617.6603706511346
66,0.9112909524698379,0.01248918438999291,604.0696692014308
66,0.9097791202761806,0.012402104423114922,608.6665286294233
66,0.9131831544106783,0.012541139185600951,598.6141747323827
66,0.5455839400751928,0.003416292039829626,797.9356674842547
66,0.5459855503440763,0.0034856164916905164,797.4654126167184
66,0.9057898740541012,0.016268221264387074,616.6494772542679
66,0.9140363388251458,0.012575265706875059,596.8983791368743
67,0.9299999850622788,0.014490739442408085,592.3370678146664
67,0.5000027351808354,0.03325917296607816,741.9924013845647
67,0.5000041845407289,0.03307710103497336,742.7148273254884
67,0.5000155819291191,0.033234490984062205,742.0864583488589
67,0.5000141363433187,0.03323806324554236,742.072789830424
67,0.9299999855739137,0.014490739442408085,592.3370685786157
67,0.9299999927134679,0.014490739442408085,592.3370792383276
67,0.5000016344421515,0.03312364823237517,742.5338878177014
67,0.5000027351808354,0.03324066268657604,742.0672266228701
67,0.929999902157867,0.014490739442408085,592.3369440322508
67,0.9299997830188287,0.014490739442408085,592.336766145148
67,0.9299991355795136,0.014490739442408085,592.3357993794292
67,0.5000001421764797,0.033247445162814616,742.0409632745873
67,0.500000129661563,0.0332394271543519,742.0733354480783
67,0.9299999911711133,0.014490739442408085,592.3370769355349
68,0.5386491656190402,0.008676998944765937,780.4656056177658
68,0.9217965340468636,0.012864893116715117,604.3939961222372
68,0.9196141575694576,0.012733534458710193,603.3619814100658
68,0.9195399764577571,0.012758309841580093,603.549988818007
68,0.9299999914874211,0.014490739442408085,592.3370774078538
68,0.9202671554655806,0.012790785508574347,603.9034107690014
68,0.9299999606792941,0.012987905366301466,603.8155568526724
68,0.9205786163268909,0.01282107399679045,604.1202227837754
68,0.9299999644703559,0.014490739442408085,592.3370370696864
68,0.9206413325511668,0.012824954625860363,604.1481237797547
68,0.9193818821655856,0.012714764971164172,603.1387137702175
68,0.920036376312273,0.01278396984945727,603.8256853520575
68,0.9201692841449594,0.012803726277144616,603.9776529031558
68,0.9197500769279212,0.012774260958767596,603.7111884046963
68,0.9194414217944771,0.012687999626449351,602.9041885100693
69,0.9300000067176879,0.014490739442408085,592.337100147441
69,0.9300000035227793,0.014490729954902531,592.3366771346157
69,0.8737313372452096,0.017178818434554967,615.4722583529586
69,0.9299997300527231,0.014490739442408085,592.3366870600536
69,0.648607448559307,0.0036664736472830704,722.8033929495152
69,0.9300000071282715,0.014490739442408085,592.3371007605323
69,0.6484051661361007,0.0036736342993673073,722.9590664520074
69,0.8751759574255036,0.017214815334074048,617.4290804651259
69,0.648635771162666,0.0036756409868926743,722.6796537705512
69,0.8739252703845916,0.01718538770643652,615.7957990602708
69,0.648635771162666,0.00367973327738269,722.6385218314147
69,0.6485668198739635,0.0036895905899541523,722.617157402463
69,0.9299999844829225,0.014490739442408085,592.3370669496804
69,0.8745633036514456,0.017295160566383864,618.60897038079
69,0.6488234465992796,0.0036770404153128014,722.4534218287557
