iters,params_res,params_f,objs
0,0.7,0.4,6.152464447857148
0,0.79999995,0.2,6.152464447857148
0,0.6,0.6,6.152464447857148
0,0.65,0.3,6.152464447857148
0,0.84999996,0.7,6.152464447857148
0,0.75,0.1,6.152464447857148
0,0.55,0.5,6.152464447857148
0,0.575,0.25,6.152464447857148
0,0.775,0.65000004,6.152464447857148
0,0.875,0.05,6.152464447857148
1,0.625,0.15000000596046448,6.152464447857148
1,0.8021723064846672,0.3511039758680596,6.152464447857148
1,0.6868333266120523,0.6813028954250374,6.152464447857148
1,0.6749999523162842,0.45000001788139343,6.152464447857148
1,0.7913658314452032,0.59000003961806,6.152464447857148
1,0.5921546852764489,0.49001535960955134,6.152464447857148
1,0.5053847044182381,0.09974903549142677,6.152464447857148
1,0.7250000238418579,0.3499999940395355,6.152464447857148
1,0.6965181496885623,0.37906918505299714,6.152464447857148
1,0.824999988079071,0.550000011920929,6.152464447857148
2,0.7744503624383345,0.5506050856797965,6.152464447857148
2,0.8457530007249089,0.23348516695289573,6.152464447857148
2,0.7038290737054301,0.2799266248072496,6.152464447857148
2,0.6943826891312305,0.09584568358135268,6.152464447857148
2,0.5273190764638084,0.7624175548553467,6.152464447857148
2,0.8730188458770315,0.4839880532513202,6.152464447857148
2,0.7173582927757838,0.07101092296385625,6.152464447857148
2,0.6258619686301929,0.34133241712529805,6.152464447857148
2,0.898186354405889,0.5634046998427822,6.152464447857148
2,0.6986904815475848,0.5180767119977694,6.152464447857148
3,0.7543087959927453,0.21942082969611282,6.152464447857148
3,0.7676048905110834,0.04298527776705341,6.152464447857148
3,0.7576306948516701,0.21517399733848436,6.152464447857148
3,0.6622032408841535,0.30120686685826037,6.152464447857148
3,0.7396853847946973,0.11539007623470707,6.152464447857148
3,0.6366732096747857,0.30334498498091733,6.152464447857148
3,0.7439682337933414,0.34995520185653345,6.152464447857148
3,0.6952799061974415,0.574467030837899,6.152464447857148
3,0.74063345128112,0.332111206748741,6.152464447857148
3,0.6605060744220915,0.012692460790276527,6.152464447857148
4,0.8901119129751056,0.5487780177615947,6.152464447857148
4,0.6048886296062466,0.5039409140833465,6.152464447857148
4,0.6389074168055714,0.6578329844221319,6.152464447857148
4,0.6392782921415963,0.07340248027477628,6.152464447857148
4,0.6589375289099246,0.07340248027477628,6.152464447857148
4,0.7679119041867057,0.3236315700447849,6.152464447857148
4,0.6179037030474255,0.4990766457675273,6.152464447857148
4,0.7771979564557167,0.6834637396827283,6.152464447857148
4,0.67746786824028,0.5660361126307499,6.152464447857148
4,0.6547752085921054,0.6718447063085484,6.152464447857148
5,0.8581346428450751,0.14758594342123652,6.152464447857148
5,0.8598864488216523,0.1076981180500311,6.152464447857148
5,0.5375000238418579,0.375,6.152464447857148
5,0.7360958055003338,0.2666579157447358,6.152464447857148
5,0.6910227271942281,0.7786505215675316,6.152464447857148
5,0.8813933836637574,0.6792436370502597,6.152464447857148
5,0.7067064605241902,0.026555776233346,6.152464447857148
5,0.5249999761581421,0.75,6.152464447857148
5,0.8093697990944283,0.3832331762014707,6.152464447857148
5,0.7388630588242562,0.08809893471020849,6.152464447857148
6,0.6966590881347656,0.07907027006149292,6.152464447857148
6,0.5333554349047364,0.6188550460576648,6.152464447857148
6,0.8915989364575524,0.3835626542568207,6.152464447857148
6,0.65580400295756,0.7143960846665047,6.152464447857148
6,0.7561898231506348,0.5952240985693347,6.152464447857148
6,0.8651779294013977,0.11961861699819565,6.152464447857148
6,0.529369331577719,0.6725596981967162,6.152464447857148
6,0.5747296662622166,0.7360042460593189,6.152464447857148
6,0.5868926048278809,0.7200992269157386,6.152464447857148
6,0.5471540022102827,0.15836052550453336,6.152464447857148
7,0.6547832349784027,0.1496433937559556,6.152464447857148
7,0.5180670171400964,0.4533874088716184,6.152464447857148
7,0.5005884603209655,0.4107850042798784,6.152464447857148
7,0.8308449009106702,0.12919230862707984,6.152464447857148
7,0.5809945025801841,0.4756576089912845,6.152464447857148
7,0.5744284987449646,0.717862074659561,6.152464447857148
7,0.7204885388666842,0.24104196989645432,6.152464447857148
7,0.5971786327828432,0.727891844946785,6.152464447857148
7,0.5826139326103416,0.717862074659561,6.152464447857148
7,0.565754671303527,0.45003115381533987,6.152464447857148
8,0.5600543434343016,0.23381514764664935,6.152464447857148
8,0.6085760874697059,0.46049101560217315,6.152464447857148
8,0.549558873591948,0.24002131638561883,6.152464447857148
8,0.829738649814186,0.6486317940802869,6.152464447857148
8,0.7856580122783297,0.6169360477499611,6.152464447857148
8,0.608120217532408,0.4934032012401531,6.152464447857148
8,0.7968070169228533,0.5301348661986919,6.152464447857148
8,0.543464902361404,0.7796157747303307,6.152464447857148
8,0.543464902361404,0.6497968606223107,6.152464447857148
8,0.6306221974140397,0.5007702640312429,6.152464447857148
9,0.6203693515871325,0.6057021740962074,6.152464447857148
9,0.72697615146922,0.6575438868941547,6.152464447857148
9,0.7825126172588861,0.09028918281762321,6.152464447857148
9,0.6342335533508875,0.6415784114782545,6.152464447857148
9,0.6480223364836156,0.6475650921571646,6.152464447857148
9,0.6342335533508875,0.5863485339219758,6.152464447857148
9,0.6168192854174924,0.7375838383815057,6.152464447857148
9,0.8918810723031376,0.6329882001402172,6.152464447857148
9,0.8096899782431839,0.5326380191278262,6.152464447857148
9,0.766573876962017,0.5957813054871032,6.152464447857148
10,0.8374999761581421,0.17499999701976776,6.152464447857148
10,0.8052161543969466,0.46428134545564814,6.152464447857148
10,0.6583943378269248,0.604714034154242,6.152464447857148
10,0.6046119199338603,0.21766923391277443,6.152464447857148
10,0.8565279626427559,0.46046254564881833,6.152464447857148
10,0.637499988079071,0.574999988079071,6.152464447857148
10,0.7260940013765917,0.6816296581166084,6.152464447857148
10,0.7411134206839386,0.5432866913071197,6.152464447857148
10,0.696835517073396,0.17855198811965398,6.152464447857148
10,0.7374999523162842,0.7750000357627869,6.152464447857148
11,0.8178484543477526,0.13308301007878032,6.152464447857148
11,0.8165054308024914,0.12826439002566253,6.152464447857148
11,0.8031743650320541,0.2030010200804681,6.152464447857148
11,0.5310099729801121,0.1897491605087534,6.152464447857148
11,0.8200038937836235,0.6056479336553053,6.152464447857148
11,0.8192778450857302,0.14966227700361517,6.152464447857148
11,0.7630942522476705,0.21321741078484097,6.152464447857148
11,0.7858952946748466,0.2432925103686264,6.152464447857148
11,0.6875,0.07500000298023224,6.152464447857148
11,0.5000115738544508,0.2847856271936097,6.152464447857148
12,0.7870693110277639,0.2934127511501608,6.152464447857148
12,0.8209441900253296,0.6085257801321624,6.152464447857148
12,0.5180260295477221,0.7349130842622316,6.152464447857148
12,0.7227648873662171,0.29572691169462484,6.152464447857148
12,0.7652444754297487,0.36080152931842246,6.152464447857148
12,0.887499988079071,0.4749999940395355,6.152464447857148
12,0.5881669490036816,0.6250746917281834,6.152464447857148
12,0.5377091059002301,0.47552079917590523,6.152464447857148
12,0.7940190617367684,0.4623677731193307,6.152464447857148
12,0.7652444754297487,0.3658743410124918,6.152464447857148
13,0.6641187546252081,0.07363802490813429,6.152464447857148
13,0.6954852982564682,0.7075886941850803,6.152464447857148
13,0.6572139027529549,0.4362778343311405,6.152464447857148
13,0.5761436847367933,0.289302231254675,6.152464447857148
13,0.6352298710628221,0.23868377099023091,6.152464447857148
13,0.5706109518336423,0.3930032735320551,6.152464447857148
13,0.7875000238418579,0.2750000059604645,6.152464447857148
13,0.5079022362328895,0.3661309031516014,6.152464447857148
13,0.7105690234909529,0.11404154737384857,6.152464447857148
13,0.714188416841848,0.3148581672615199,6.152464447857148
14,0.6218060700381074,0.34243447490698553,6.152464447857148
14,0.5528818675364592,0.511467821122956,6.152464447857148
14,0.552932768932853,0.5745426895645015,6.152464447857148
14,0.5733434908887033,0.511467821122956,6.152464447857148
14,0.743135485205165,0.4046635951626148,6.152464447857148
14,0.51340023221494,0.7870240486575137,6.152464447857148
14,0.5208615444275111,0.725639523665363,6.152464447857148
14,0.7521071882067886,0.41575865556584934,6.152464447857148
14,0.718466034883564,0.3916189064708094,6.152464447857148
14,0.5471607754678445,0.20285098257562906,6.152464447857148
15,0.5874999761581421,0.675000011920929,6.152464447857148
15,0.8777146273719307,0.3851758540509246,6.152464447857148
15,0.5175226614470642,0.5017229541452105,6.152464447857148
15,0.677469339342272,0.374097279168917,6.152464447857148
15,0.7805966265597208,0.4195277880056366,6.152464447857148
15,0.8060350181784436,0.02929448473956797,6.152464447857148
15,0.6284756850855534,0.05965036611149137,6.152464447857148
15,0.8351019181710135,0.1649555252732305,6.152464447857148
15,0.7765144450750878,0.38017854499233034,6.152464447857148
15,0.6291155565233626,0.06445887452453505,6.152464447857148
16,0.6121944869383988,0.12064884520968232,6.152464447857148
16,0.592955762431127,0.5617992073098533,6.152464447857148
16,0.7226134733084223,0.49720950069896425,6.152464447857148
16,0.8433901849975727,0.007675351557404064,6.152464447857148
16,0.8527671253315439,0.04530946114902286,6.152464447857148
16,0.7527772913920029,0.04266831712366924,6.152464447857148
16,0.5597487626736317,0.11712770072348698,6.152464447857148
16,0.5625,0.125,6.152464447857148
16,0.625255378621535,0.1353472142289831,6.152464447857148
16,0.8408332008866837,0.43866576086161485,6.152464447857148
17,0.6329286756360089,0.4270491357339228,6.152464447857148
17,0.6625000238418579,0.7250000238418579,6.152464447857148
17,0.762499988079071,0.5250000357627869,6.152464447857148
17,0.5878614320856504,0.4101673109700698,6.152464447857148
17,0.6359261126028346,0.421106399536697,6.152464447857148
17,0.6359261126028346,0.4985135792216788,6.152464447857148
17,0.5377111234730556,0.727512269775666,6.152464447857148
17,0.5404918403928769,0.04536785262324593,6.152464447857148
17,0.8624999523162842,0.32500001788139343,6.152464447857148
17,0.612500011920929,0.22500000894069672,6.152464447857148
18,0.8187500238418579,0.012500000186264515,6.152464447857148
18,0.8267524607805684,0.4034160860648308,6.152464447857148
18,0.5296606001079387,0.1915819242143986,6.152464447857148
18,0.599648603036622,0.011012938972651813,6.152464447857148
18,0.512499988079071,0.42500001192092896,6.152464447857148
18,0.518750011920929,0.21250000596046448,6.152464447857148
18,0.8022888674912896,0.2402380936320473,6.152464447857148
18,0.71875,0.612500011920929,6.152464447857148
18,0.7124999761581421,0.02500000037252903,6.152464447857148
18,0.8125,0.625,6.152464447857148
19,0.6280575684350292,0.4073615699039308,6.152464447857148
19,0.5491397153044467,0.11472783689990994,6.152464447857148
19,0.7414270509404495,0.33008491570218457,6.152464447857148
19,0.8374385681289486,0.1608042409774606,6.152464447857148
19,0.6280575684350292,0.3406563171053205,6.152464447857148
19,0.511825442314148,0.21451276013244036,6.152464447857148
19,0.6092886362009957,0.43918024669935896,6.152464447857148
19,0.668749988079071,0.11250000447034836,6.152464447857148
19,0.8687499761581421,0.512499988079071,6.152464447857148
19,0.6187499761581421,0.4124999940395355,6.152464447857148
20,0.5687500238418579,0.7125000357627869,6.152464447857148
20,0.7509630730763377,0.2856559876665847,6.152464447857148
20,0.757197257139872,0.04096102188951418,6.152464447857148
20,0.565596478003596,0.017926921472922505,6.152464447857148
20,0.59375,0.0625,6.152464447857148
20,0.6375114679806035,0.13806755907952153,6.152464447857148
20,0.793749988079071,0.4625000059604645,6.152464447857148
20,0.7687499523162842,0.3125,6.152464447857148
20,0.6280693506302415,0.23539858499656832,6.152464447857148
20,0.6481631311134998,0.7768258200032934,6.152464447857148
21,0.8331459302564627,0.22478205358322423,6.152464447857148
21,0.8937499523162842,0.26250001788139343,6.152464447857148
21,0.715516695291558,0.6056326941148292,6.152464447857148
21,0.8200001399513515,0.6585870297275728,6.152464447857148
21,0.8312656783897358,0.2779517422485633,6.152464447857148
21,0.84375,0.762499988079071,6.152464447857148
21,0.6825985037519595,0.32220231766709073,6.152464447857148
21,0.643750011920929,0.36250001192092896,6.152464447857148
21,0.6937500238418579,0.6625000238418579,6.152464447857148
21,0.775014994090348,0.10577459633350372,6.152464447857148
22,0.5261255235628689,0.44781388635138286,6.152464447857148
22,0.5695920305384564,0.12208390090456032,6.152464447857148
22,0.7390008435432392,0.5120506595982229,6.152464447857148
22,0.6917167478105595,0.016189276308864402,6.152464447857148
22,0.7437499761581421,0.16250000894069672,6.152464447857148
22,0.7417915117566932,0.7597470600367326,6.152464447857148
22,0.6481694416136958,0.11133259568638322,6.152464447857148
22,0.7417335683409729,0.016189276308864402,6.152464447857148
22,0.7478975553853808,0.4195372565778782,6.152464447857148
22,0.683842769563019,0.06733613973753307,6.152464447857148
23,0.6043311002110751,0.2673602489246858,6.152464447857148
23,0.7518817292025587,0.10395693448677767,6.152464447857148
23,0.7961508805223351,0.09979478171338296,6.152464447857148
23,0.7777636345642429,0.4253572250035459,6.152464447857148
23,0.8496782293221907,0.3224054927578215,6.152464447857148
23,0.5514895599969273,0.21072922509599734,6.152464447857148
23,0.7583518899271008,0.05845309751260139,6.152464447857148
23,0.8042233680484829,0.04717876949870067,6.152464447857148
23,0.8134754383005044,0.4742673830651992,6.152464447857148
23,0.853167271991882,0.3224054927578215,6.152464447857148
24,0.7539567768694927,0.7645848993169396,6.152464447857148
24,0.7574311262883174,0.6563557237194939,6.152464447857148
24,0.501558721401302,0.5576024589620322,6.152464447857148
24,0.8379314258814978,0.506089029549248,6.152464447857148
24,0.8428609469352443,0.27581350955907646,6.152464447857148
24,0.8323124886304787,0.1236573699321886,6.152464447857148
24,0.8367494237548199,0.6716791648974964,6.152464447857148
24,0.827961902102952,0.5025401561768408,6.152464447857148
24,0.8175839434221257,0.13967148024216447,6.152464447857148
24,0.730410148478162,0.7774626782863083,6.152464447857148
25,0.731249988079071,0.5875000357627869,6.152464447857148
25,0.543749988079071,0.5625,6.152464447857148
25,0.8165845182697407,0.4075819403331582,6.152464447857148
25,0.8174471007957759,0.7095939020816638,6.152464447857148
25,0.6772519756920684,0.03252580062354246,6.152464447857148
25,0.8312499523162842,0.38750001788139343,6.152464447857148
25,0.69758679693384,0.5691291706817433,6.152464447857148
25,0.5740850471999741,0.4864271487998162,6.152464447857148
25,0.7596922755809549,0.44035927251087686,6.152464447857148
25,0.53125,0.1875,6.152464447857148
26,0.7681105136871338,0.6426985162537759,6.152464447857148
26,0.590041798328834,0.4265696339091678,6.152464447857148
26,0.8943572784335351,0.19667046076859396,6.152464447857148
26,0.613182817288854,0.6449761182880291,6.152464447857148
26,0.6812499761581421,0.2874999940395355,6.152464447857148
26,0.6312500238418579,0.7875000238418579,6.152464447857148
26,0.8812499642372131,0.6875,6.152464447857148
26,0.6355444681464957,0.3587551649318292,6.152464447857148
26,0.65059800901448,0.20573592406603786,6.152464447857148
26,0.7589158319807293,0.32137004746859615,6.152464447857148
27,0.779045279309062,0.6935551265058075,6.152464447857148
27,0.509419511372661,0.05736922084458731,6.152464447857148
27,0.6692385286512841,0.618569660997826,6.152464447857148
27,0.8699685185446628,0.6214315502367556,6.152464447857148
27,0.7494915343058639,0.7887964816909999,6.152464447857148
27,0.8078084910645913,0.7052639477340618,6.152464447857148
27,0.78125,0.08749999850988388,6.152464447857148
27,0.8536832322363298,0.7337755957470277,6.152464447857148
27,0.5796154692697654,0.6734623588053218,6.152464447857148
27,0.7759560578456145,0.7887964816909999,6.152464447857148
28,0.8914411704390646,0.2173662067559303,6.152464447857148
28,0.8976451704947033,0.6857829481152862,6.152464447857148
28,0.581250011920929,0.48750001192092896,6.152464447857148
28,0.7400880252948968,0.29630215901623125,6.152464447857148
28,0.8772306041994464,0.7669028115973393,6.152464447857148
28,0.5262016590700855,0.22118157410531666,6.152464447857148
28,0.8901316917386805,0.6554421031930054,6.152464447857148
28,0.8403272214261445,0.1724137802490317,6.152464447857148
28,0.887043105175973,0.1389755444761564,6.152464447857148
28,0.8484265731747184,0.4619784761229141,6.152464447857148
29,0.8015488137241257,0.7272777709728495,6.152464447857148
29,0.5562499761581421,0.3375000059604645,6.152464447857148
29,0.8064320240196001,0.6478250071264052,6.152464447857148
29,0.7728197250810682,0.6274860198446433,6.152464447857148
29,0.7701392245649947,0.608197135524002,6.152464447857148
29,0.7187569560369147,0.6462075832075114,6.152464447857148
29,0.6903110392511819,0.6799576282501221,6.152464447857148
29,0.6964069974370117,0.4423488044449083,6.152464447857148
29,0.8057548997238204,0.389082077936835,6.152464447857148
29,0.7175535613900187,0.5598321323708025,6.152464447857148
30,0.6080967247285948,0.0692401190436786,6.152464447857148
30,0.7853163644449528,0.1371180148673695,6.152464447857148
30,0.7049314478748785,0.4514052279569992,6.152464447857148
30,0.5121480011344358,0.7269352003095455,6.152464447857148
30,0.8031212091445923,0.485506106841679,6.152464447857148
30,0.7436456347069343,0.28019411162216,6.152464447857148
30,0.514046759710974,0.4839911642360559,6.152464447857148
30,0.7161698899381674,0.2675041710793201,6.152464447857148
30,0.7205828903443116,0.22964260400489478,6.152464447857148
30,0.5068033618927362,0.5887838152216831,6.152464447857148
31,0.705903619520764,0.45755332586628616,6.152464447857148
31,0.7770115847357119,0.5731094167337891,6.152464447857148
31,0.5445389572051615,0.6787639240126218,6.152464447857148
31,0.6933513610041449,0.4005018100163428,6.152464447857148
31,0.7742569307425352,0.45755332586628616,6.152464447857148
31,0.6171785120625771,0.7657122861681125,6.152464447857148
31,0.5982757827627103,0.41550538812935456,6.152464447857148
31,0.6327123869082197,0.7219069056683486,6.152464447857148
31,0.6955984729041145,0.5549861796874209,6.152464447857148
31,0.5445389572051615,0.6793201570735512,6.152464447857148
32,0.6592683905029553,0.5720747457525452,6.152464447857148
32,0.5436787885539354,0.5786009316175663,6.152464447857148
32,0.7384243191420438,0.425778722605616,6.152464447857148
32,0.8107154074651799,0.024900977260645038,6.152464447857148
32,0.6626475432698469,0.425778722605616,6.152464447857148
32,0.5454766058977786,0.5786009316175663,6.152464447857148
32,0.7263048759958399,0.6590389601041085,6.152464447857148
32,0.6595935663306911,0.43210642785957204,6.152464447857148
32,0.8732942398224317,0.006282826004505216,6.152464447857148
32,0.763899246234218,0.7531325398438228,6.152464447857148
33,0.5055801783381403,0.07066341019898742,6.152464447857148
33,0.7865881193375825,0.6360160679054722,6.152464447857148
33,0.7734880447387695,0.15430842339992523,6.152464447857148
33,0.7371784414614385,0.6765327404827045,6.152464447857148
33,0.523586495774786,0.44804600021426405,6.152464447857148
33,0.7741184670045906,0.7361551588209972,6.152464447857148
33,0.8822375796406045,0.30199440940275885,6.152464447857148
33,0.8368529081344604,0.6651141876321448,6.152464447857148
33,0.786680382250027,0.5630824498181095,6.152464447857148
33,0.6281841390518695,0.23059714383029928,6.152464447857148
34,0.6652183111589596,0.14802499914183764,6.152464447857148
34,0.6304619112144965,0.7214662130412008,6.152464447857148
34,0.6984501622724293,0.0018018555234371077,6.152464447857148
34,0.8793598680878282,0.7655719590970804,6.152464447857148
34,0.8898853588755744,0.7261991823887844,6.152464447857148
34,0.8430264923039046,0.525183845904777,6.152464447857148
34,0.6996575486555022,0.47122743179704685,6.152464447857148
34,0.8571491199418704,0.31467054851196186,6.152464447857148
34,0.619216842544679,0.38456063353367514,6.152464447857148
34,0.6977821118217152,0.7865083594068965,6.152464447857148
35,0.7562500238418579,0.737500011920929,6.152464447857148
35,0.7593852386857464,0.16289915314249231,6.152464447857148
35,0.5914522275595888,0.04466027932126054,6.152464447857148
35,0.7012419463336522,0.6339619311759048,6.152464447857148
35,0.6198031300401201,0.1411109847595588,6.152464447857148
35,0.7045423210244495,0.17452735448074935,6.152464447857148
35,0.6258783216937958,0.6577737981446095,6.152464447857148
35,0.618808388710022,0.04001011811149528,6.152464447857148
35,0.8240996823438429,0.09225679481571084,6.152464447857148
35,0.6208756879085263,0.34818548381024406,6.152464447857148
36,0.6055271928542223,0.5556257742293021,6.152464447857148
36,0.7118571887991512,0.06504660099744797,6.152464447857148
36,0.6963489115348228,0.19609009258700438,6.152464447857148
36,0.5213721595264909,0.5083094482402226,6.152464447857148
36,0.6597052148701539,0.5279035285391832,6.152464447857148
36,0.8439890162638797,0.7608848522988901,6.152464447857148
36,0.8381365287855671,0.7796623341730563,6.152464447857148
36,0.5403051569074772,0.08603148981848965,6.152464447857148
36,0.6087745619438036,0.555053631150373,6.152464447857148
36,0.6731579180619391,0.25472063426118347,6.152464447857148
37,0.699278712806137,0.38690859201085837,6.152464447857148
37,0.5425395965576172,0.6791338755355935,6.152464447857148
37,0.5638174109612922,0.01419640008893372,6.152464447857148
37,0.5665974157023299,0.06862544372137239,6.152464447857148
37,0.7117225497345414,0.7242831912370106,6.152464447857148
37,0.6657960192223932,0.7167509466093869,6.152464447857148
37,0.686065580423576,0.6403194392492387,6.152464447857148
37,0.8005673562216102,0.6291670310202344,6.152464447857148
37,0.6634557356477524,0.03752619143183761,6.152464447857148
37,0.6802579941846605,0.619329967365694,6.152464447857148
38,0.5402537425216246,0.35351227167764054,6.152464447857148
38,0.5472487429993111,0.39634127370881667,6.152464447857148
38,0.5389977103321075,0.36967945481276054,6.152464447857148
38,0.7415454623202721,0.5411026388531832,6.152464447857148
38,0.5659139403044403,0.4199575237784203,6.152464447857148
38,0.606249988079071,0.03750000149011612,6.152464447857148
38,0.856249988079071,0.13750000298023224,6.152464447857148
38,0.5389977103321075,0.39542576391101897,6.152464447857148
38,0.65625,0.5375000238418579,6.152464447857148
38,0.5056727086107854,0.34142967253897133,6.152464447857148
39,0.5500869159414851,0.7945719579902808,6.152464447857148
39,0.5062500238418579,0.637499988079071,6.152464447857148
39,0.8035159013719467,0.7276035565441584,6.152464447857148
39,0.8062499761581421,0.4375,6.152464447857148
39,0.5263302157412503,0.7822673073978076,6.152464447857148
39,0.6524266109550457,0.4969676131951096,6.152464447857148
39,0.5093749761581421,0.3187499940395355,6.152464447857148
39,0.5790107642768584,0.6862601204052512,6.152464447857148
39,0.7062499523162842,0.23749999701976776,6.152464447857148
39,0.500854458981981,0.4732508096613496,6.152464447857148
40,0.609375,0.518750011920929,6.152464447857148
40,0.859375,0.41875001788139343,6.152464447857148
40,0.7093750238418579,0.71875,6.152464447857148
40,0.5848321994952562,0.1161709071349933,6.152464447857148
40,0.5616658730405014,0.15151092721712855,6.152464447857148
40,0.809374988079071,0.11874999850988388,6.152464447857148
40,0.6080100069041489,0.3846915652856712,6.152464447857148
40,0.6180832774887917,0.132536267265684,6.152464447857148
40,0.8265471962523374,0.6921864751337848,6.152464447857148
40,0.659375011920929,0.01875000074505806,6.152464447857148
41,0.8359939224810784,0.7277920322795516,6.152464447857148
41,0.7973450361749915,0.5926940334758002,6.152464447857148
41,0.5940922745774116,0.7707195679153184,6.152464447857148
41,0.8614713348904386,0.6636531178467455,6.152464447857148
41,0.8002896259562371,0.5926940334758002,6.152464447857148
41,0.5122500645234609,0.661353095617075,6.152464447857148
41,0.6377794204575022,0.15851190768942086,6.152464447857148
41,0.60349137088029,0.23425871358542535,6.152464447857148
41,0.8639497286133855,0.6884561633873957,6.152464447857148
41,0.5227621646468521,0.16310803293940146,6.152464447857148
42,0.7446494015072387,0.45755627837681573,6.152464447857148
42,0.7656185900008011,0.11659705129886813,6.152464447857148
42,0.6209130776142322,0.02902292942282913,6.152464447857148
42,0.8138419859970738,0.341090589761734,6.152464447857148
42,0.7557312225618716,0.12423166709343479,6.152464447857148
42,0.51009207130868,0.4586524565731447,6.152464447857148
42,0.7287776729321558,0.744123974553738,6.152464447857148
42,0.6984458422649423,0.09698236988846234,6.152464447857148
42,0.716887011764684,0.780646395697907,6.152464447857148
42,0.7125706642872647,0.11265976352613559,6.152464447857148
43,0.6805859773914383,0.2794091428132707,6.152464447857148
43,0.7759552958132979,0.283048197608464,6.152464447857148
43,0.6039304881871805,0.15575569941548761,6.152464447857148
43,0.5926430968183135,0.20448957753648594,6.152464447857148
43,0.6354801442449519,0.7132995569893437,6.152464447857148
43,0.5935434381730409,0.2263751815184638,6.152464447857148
43,0.5571932007950938,0.33489248209840433,6.152464447857148
43,0.5112662602452291,0.3115554839644496,6.152464447857148
43,0.6194014442912803,0.32632864198448075,6.152464447857148
43,0.6117318785020307,0.23801103305548588,6.152464447857148
44,0.6382938535626645,0.7984588163809646,6.152464447857148
44,0.7068307383387604,0.175259409053602,6.152464447857148
44,0.6554296678439422,0.25556054244644455,6.152464447857148
44,0.6223920278164936,0.3686427210719689,6.152464447857148
44,0.6640165448188782,0.39544737339019775,6.152464447857148
44,0.5376825008709205,0.37329873961556115,6.152464447857148
44,0.6833295844616363,0.12333014103444714,6.152464447857148
44,0.8687469005811729,0.025418054538152584,6.152464447857148
44,0.6274608792191809,0.7267962001454366,6.152464447857148
44,0.7790860938794409,0.1751337325739535,6.152464447857148
45,0.856460668414394,0.7262575259432809,6.152464447857148
45,0.6233217598042624,0.6699470665742113,6.152464447857148
45,0.7593749761581421,0.21875,6.152464447857148
45,0.5843750238418579,0.16875000298023224,6.152464447857148
45,0.6316476232743194,0.16936510616838157,6.152464447857148
45,0.7859975813361357,0.24561263300862343,6.152464447857148
45,0.8403745234346925,0.2742660326688483,6.152464447857148
45,0.559374988079071,0.6187500357627869,6.152464447857148
45,0.8082760649814882,0.366722478512442,6.152464447857148
45,0.8289283973716948,0.06132756573411261,6.152464447857148
46,0.7767692964252557,0.7874492302892854,6.152464447857148
46,0.7761108162710553,0.7982174440933535,6.152464447857148
46,0.8550489825885886,0.7738091436668487,6.152464447857148
46,0.8205170486157408,0.25030108844209664,6.152464447857148
46,0.8942965269088745,0.7106817364692688,6.152464447857148
46,0.7905504917802534,0.7321851435404274,6.152464447857148
46,0.6380062012533371,0.2622171515936103,6.152464447857148
46,0.670310607115626,0.37587825557615456,6.152464447857148
46,0.8460266247433836,0.7321851435404274,6.152464447857148
46,0.6494058504039885,0.24314080682182165,6.152464447857148
47,0.764175244935277,0.19241494469826087,6.152464447857148
47,0.764175244935277,0.12566496283736986,6.152464447857148
47,0.7843749523162842,0.5687500238418579,6.152464447857148
47,0.6752813350543704,0.7317467817429569,6.152464447857148
47,0.5724202413695378,0.6709450228299436,6.152464447857148
47,0.7803954419449266,0.2796607351548176,6.152464447857148
47,0.631314577882903,0.6894072666865296,6.152464447857148
47,0.5885228546086197,0.19177874638588494,6.152464447857148
47,0.7773825966411275,0.6849228919373017,6.152464447857148
47,0.6343031659961567,0.5147239000144667,6.152464447857148
48,0.7520753718588092,0.4961547856957782,6.152464447857148
48,0.5683362203035315,0.31060420622101925,6.152464447857148
48,0.7373711775107048,0.230427311532354,6.152464447857148
48,0.7155292172152751,0.410421001226304,6.152464447857148
48,0.6475025995803642,0.25037325171414443,6.152464447857148
48,0.7098569717049787,0.30907807803064974,6.152464447857148
48,0.6436927235659524,0.6046819734322653,6.152464447857148
48,0.7542089088053018,0.4635940893121717,6.152464447857148
48,0.7555785115465055,0.35326118670474166,6.152464447857148
48,0.6279202369511331,0.2920225995949446,6.152464447857148
49,0.6402151934189797,0.5762372736566094,6.152464447857148
49,0.5096579565894384,0.03281837219298821,6.152464447857148
49,0.6673450173983406,0.026555133945535797,6.152464447857148
49,0.6383117548478192,0.4700107300153911,6.152464447857148
49,0.8286502499835562,0.7103073961847608,6.152464447857148
49,0.8987089395523071,0.044781030948754685,6.152464447857148
49,0.5153550087205508,0.1106956792707092,6.152464447857148
49,0.5827299270420867,0.3523168775077447,6.152464447857148
49,0.6990053528794248,0.3031656827253807,6.152464447857148
49,0.5860570057004869,0.3932436412753279,6.152464447857148
