iters,res,f,objs
0,0.725,0.4,0.036224088834218474
0,0.8375,0.2,0.035370019848512006
0,0.6125,0.6,0.042359633297187074
0,0.66875,0.3,0.04050740661210299
0,0.89374995,0.7,0.03707428192861423
0,0.78125,0.1,0.0342928790563214
0,0.55625,0.5,0.04812652392628957
0,0.584375,0.25,0.044922825400584364
0,0.809375,0.65000004,0.03615638642051849
0,0.921875,0.05,0.03876763842046764
0,0.696875,0.45000002,0.03894294945566288
0,0.640625,0.15,0.03891948306876536
0,0.865625,0.55,0.035667471099215066
0,0.75312495,0.35,0.03531956471317771
0,0.528125,0.75,0.05107553288668197
1,0.78676735794113,0.0001966848784753627,0.041619274920433005
1,0.542187511920929,0.375,0.048892753620485715
1,0.7870800536629946,0.00024203835462008693,0.04145240572260809
1,0.7817922112344017,0.0040004616953325176,0.04117168953843191
1,0.7840514975383189,0.00019528900746773047,0.041455020305067494
1,0.783736232197566,0.00229814827414915,0.04132654388982807
1,0.7771448354214457,0.007795999988037185,0.040933063265963264
1,0.7815627471099356,0.00035227042065179206,0.04147371522933519
1,0.7761539050211367,0.014539363363664211,0.040250127070827084
1,0.7766658197930945,0.016864485752152464,0.040430969018796406
1,0.7681898189290538,0.00022275606560678862,0.04159322788136712
1,0.784020893238001,0.00023737590105048505,0.041455639635406265
1,0.7726981937144001,0.00229814827414915,0.04140000557217328
1,0.7834507722554627,0.003040593518130294,0.041294079433778975
1,0.7776567030572102,0.00028058785079685495,0.041503468007798784
2,0.7433816662830999,0.14499831684815812,0.03441762345306752
2,0.7838024484603371,0.15399661869947112,0.03411648686787599
2,0.7637101915891696,0.14726495869126136,0.03422023150737835
2,0.7834531324672971,0.1114435052591776,0.03401824236532302
2,0.7816727114631588,0.11456686073118522,0.03390518594130418
2,0.7602395218463658,0.13949953276804253,0.034168015323475
2,0.7784012656683362,0.14461558397593455,0.033999746716487346
2,0.761539080230222,0.18165225700046947,0.03486633836398654
2,0.7816170580994211,0.14817470769724417,0.03402417610033447
2,0.7787181656332623,0.14142185631553525,0.03395856487279063
2,0.755160592794427,0.1701486821489737,0.03468732785525697
2,0.7723455688900217,0.1376184644522169,0.03404953774641919
2,0.7823665646348391,0.11897432322270846,0.03383968255466125
2,0.7820659086131722,0.09982830576444071,0.03426538466860578
2,0.7845182808792914,0.15695668286984257,0.034170023184974765
3,0.5000473592853618,0.00021183562493036945,0.05907823297649114
3,0.8506467213758814,0.34800847990200734,0.03506959368266881
3,0.5003802911642534,0.00022132852644529571,0.05901555224514574
3,0.7715829023713501,0.1222389674131608,0.03395398792120478
3,0.8141580270479312,0.12808027862938656,0.034635272643419264
3,0.7863849300739983,0.13187062874004524,0.03390324228612016
3,0.5003802911642534,7.831301908369234e-05,0.05901778445421511
3,0.804103630819157,0.13545195570537918,0.03470879306969444
3,0.808628874379125,0.1349540811340187,0.03466877875081126
3,0.500398442701566,0.00018719738975624822,0.05901228342869158
3,0.5000282566864617,0.00031033427506266546,0.05908229443726552
3,0.500028245705501,0.00029606288602092225,0.05908215184709186
3,0.9490939498609243,0.3281880543145361,0.04042999127643653
3,0.7873563656668114,0.12335213796033079,0.033873034924897835
3,0.8462809168949714,0.37268000829501247,0.03500115231933952
4,0.7803057192292185,0.1310737208070452,0.033847909875733315
4,0.7238747264362486,0.104344492647882,0.035012345433748135
4,0.7292420024740395,0.09072495020854847,0.03527464932197057
4,0.7810685460969573,0.12724530839383183,0.033819818968577504
4,0.7306653024259664,0.09879991638162841,0.03497174623579157
4,0.783180637191419,0.12634851279953127,0.03382082332936538
4,0.7289786800103952,0.09898311371060681,0.03503998131387468
4,0.7806232279454139,0.12778375063408973,0.03382402733510903
4,0.7441191391368429,0.10475359882813448,0.0345351717566202
4,0.78030700946632,0.1285917113372718,0.0338305222848191
4,0.783180637191419,0.12592284547000107,0.03381855912153906
4,0.7821006345668042,0.13810706693420244,0.03390779212845598
4,0.7793404054374249,0.12571979880736983,0.033820046130080335
4,0.7205581808570903,0.09072176854003687,0.0355162316800996
4,0.7818375072517306,0.12634851279953127,0.03381514645439494
5,0.7815546293613013,0.12475901781696824,0.033806544305157296
5,0.8582905522571602,0.09102396060207225,0.03554083508846848
5,0.8600282205293573,0.08883107799256258,0.03564580394163965
5,0.7830430006881908,0.12997467362224063,0.03384207452674883
5,0.7826593410783399,0.1238021255864765,0.03380469925752159
5,0.8600278410789144,0.09387018917962357,0.035507616032136466
5,0.7828018397553644,0.12544607626228815,0.03381325345330864
5,0.8605261896622919,0.09090446029169402,0.03561691352955427
5,0.8609702915829149,0.08925845039312041,0.03567288101758388
5,0.8600165083862283,0.08883107799256258,0.035645460660360874
5,0.7822351697995745,0.12083255354873633,0.03382745158552197
5,0.7815015608733269,0.12211062633631223,0.033800624628604795
5,0.8447326572487494,0.08757000143282478,0.035364036398449435
5,0.7671874761581421,0.7750000357627869,0.03547550815978834
5,0.8497965019059733,0.09410216740355327,0.03526014580000584
6,0.9499962685262755,5.97745863352949e-06,0.04555231488830865
6,0.9499128146927134,1.1821508700803573e-05,0.04558086683349653
6,0.7817092351318907,0.1258619069978122,0.033812282657992805
6,0.78076329831398,0.12564121218208574,0.0338115137005101
6,0.9499903220347334,1.977818279916258e-05,0.04573873279375917
6,0.7817231767957591,0.12262570198288932,0.03379762186925295
6,0.7822023656034456,0.12596114578246004,0.03381298023664877
6,0.7805141212514835,0.12269540331521242,0.03379888071541494
6,0.94998408897895,2.613576891556464e-06,0.045510244601723086
6,0.7800239266326014,0.12155526616761986,0.03382594800259859
6,0.9499999805784165,1.350710629502123e-05,0.04565179288998803
6,0.7837511851923737,0.1299924491957817,0.033848820903540085
6,0.7813054640511061,0.12324023487513659,0.033799674510345365
6,0.7819838969574402,0.12379039561410371,0.03380302870767152
6,0.7817088691802506,0.1258619069978122,0.03381228201322202
7,0.7811600904257822,0.12281734177256887,0.03379801311659609
7,0.7818430667183428,0.12336174433648302,0.033800819851500415
7,0.9359375238418579,0.4749999940395355,0.040388074058542604
7,0.7812635217490468,0.12338459023714717,0.033800276307211836
7,0.7812155761771925,0.12516519921242836,0.03380841157829557
7,0.780400622498678,0.12300740736270317,0.03380053955216792
7,0.8234374523162842,0.2750000059604645,0.03607039274672314
7,0.781259754192666,0.1240082238909157,0.03380297003069605
7,0.879687488079071,0.17499999701976776,0.036311492927344
7,0.7811771184970643,0.12519909796688006,0.03380860080629296
7,0.7109375,0.07500000298023224,0.03693490164379139
7,0.7800459701788031,0.12338765262422167,0.033803807966736495
7,0.7812355704355792,0.12355884654586442,0.033801019168828855
7,0.7812235331477162,0.12558470833834862,0.033810540667481924
7,0.6546875238418579,0.574999988079071,0.039902609383330956
8,0.5703125,0.125,0.04617426439509816
8,0.7800650669124513,0.12277966680376674,0.03380123111936747
8,0.682812511920929,0.7250000238418579,0.03992837885006527
8,0.7819230267451848,0.12279536751826801,0.03379874887208152
8,0.7819569395270709,0.12290169358130676,0.03379926704458916
8,0.78113526579359,0.12235070639130428,0.03379626759484151
8,0.7812222679027835,0.12290744727428335,0.03379834061310474
8,0.7812433586591601,0.12287238788345634,0.03379819572398617
8,0.7953125238418579,0.5250000357627869,0.03627317138964596
8,0.598437488079071,0.675000011920929,0.04462525407945271
8,0.7811830245963541,0.12290169358130676,0.0337983351831027
8,0.7800756394502056,0.12278331488868952,0.03380118689058927
8,0.7813978349638497,0.12282391846614309,0.03379801908464446
8,0.6265624761581421,0.22500000894069672,0.04097466451135532
8,0.9078124761581421,0.32500001788139343,0.037653386694943836
9,0.5210937261581421,0.21250000596046448,0.05237773719239745
9,0.7812145517627562,0.12408308122580487,0.033803321272991134
9,0.7812116397439076,0.12356113273904341,0.03380103742041442
9,0.7812010626071252,0.12235070765018463,0.033796221318233184
9,0.8585937023162842,0.012500000186264515,0.04073763575117888
9,0.781131737876173,0.12281024260799007,0.033798007547772624
9,0.914843738079071,0.512499988079071,0.03829367647649716
9,0.633593738079071,0.4124999940395355,0.04089453355515527
9,0.781159120827441,0.12226650271852256,0.033797134430572244
9,0.6898437738418579,0.11250000447034836,0.036828288764234
9,0.5140625238418579,0.42500001192092896,0.053346752422550006
9,0.8515625,0.625,0.03531863204047742
9,0.7817386240973713,0.1216434539834408,0.03381773393298724
9,0.739062488079071,0.02500000037252903,0.03989218042059989
9,0.74609375,0.612500011920929,0.03563855796717406
10,0.717968761920929,0.6625000238418579,0.036695256918375864
10,0.7813587933826075,0.12350538876365201,0.03380078852603665
10,0.7793876398162045,0.12195028001203471,0.033814789504405016
10,0.7807180801385211,0.12186846688777875,0.03381563363084451
10,0.8023437261581421,0.3125,0.036014584380895116
10,0.9429687261581421,0.26250001788139343,0.040896255119901644
10,0.577343761920929,0.7125000357627869,0.04602163789931095
10,0.8304687738418579,0.4625000059604645,0.034781786499175175
10,0.78149597545011,0.12400457840035588,0.033803027654228976
10,0.7813603317936347,0.12160936605929054,0.03381859566742395
10,0.7805715185872903,0.1219930198248494,0.033805519567748424
10,0.7813587933826075,0.12359440032148637,0.033801167851431994
10,0.7806997076733313,0.12380388793376418,0.03380289956112543
10,0.60546875,0.0625,0.04458007724671644
10,0.7814520321881905,0.12362801589659103,0.033801350627029304
11,0.7820291142716836,0.12323930317533079,0.03380084766859121
11,0.781181516107121,0.12316814057782086,0.03379940441157868
11,0.7810016913575434,0.12322710915965117,0.03379981939667367
11,0.7821520589912019,0.12356333280579239,0.03380138735073826
11,0.7811596238812707,0.12321124846676156,0.03379958666049008
11,0.774218738079071,0.16250000894069672,0.03435031709090462
11,0.7817736168252288,0.12363615912442169,0.033801821351433683
11,0.7811358280587826,0.12275750111195512,0.033797798868473124
11,0.6617187261581421,0.36250001192092896,0.03932776245606457
11,0.88671875,0.762499988079071,0.03680318378448805
11,0.7797370655171147,0.12363154176101979,0.033806981051536115
11,0.7819032504597523,0.12315214619554092,0.0338001245251578
11,0.7809142442180269,0.12363152505112553,0.03380167594982482
11,0.781000751209466,0.12323035389571417,0.03379983415458993
11,0.7809885702845646,0.12366527617127394,0.033801698732869874
12,0.7812593668949138,0.12344795232187891,0.03380054478574743
12,0.781431339344004,0.12342033964528348,0.03380046020204752
12,0.5492187738418579,0.5625,0.04912885219074833
12,0.7601562738418579,0.5875000357627869,0.03542790417463875
12,0.781431339344004,0.1234212246301484,0.033800463939857014
12,0.7815177134285506,0.12325773201444774,0.03379984846393586
12,0.7815242675408839,0.12324330045697338,0.03379979523642249
12,0.53515625,0.1875,0.05012282234556863
12,0.7812403604756775,0.12328596160302081,0.03379986879301778
12,0.7812376496802517,0.12232745068074358,0.0337961221092022
12,0.7814329932733043,0.1234212246301484,0.03380046490436185
12,0.8726562261581421,0.38750001788139343,0.03577081218626867
12,0.7812392411682753,0.123862696127684,0.0338023298471425
12,0.7812040219199675,0.12266751459745862,0.033797404330087606
12,0.7811963414783191,0.12230851760655795,0.03379607075307147
13,0.8036768207849672,0.09059810448975199,0.03529341675471436
13,0.7808101568295303,0.12250970182855123,0.03379734034818062
13,0.7813432801539396,0.12291356129266486,0.033798355572602794
13,0.8021703485532166,0.09071518735547689,0.035301459636800404
13,0.7813332123979706,0.1231612890117727,0.033799347381031096
13,0.781178434510142,0.12249961238410494,0.03379678429031132
13,0.8032951274931881,0.09132224162267398,0.035275078504377284
13,0.7804737459736257,0.12291356129266486,0.03379988539934147
13,0.8049745176615141,0.09076277725533939,0.035283014282260945
13,0.7813751223222892,0.12291393446369399,0.033798366552783635
13,0.8040114890260546,0.09064158505167152,0.03529089971727392
13,0.647656261920929,0.7875000238418579,0.04038624028661923
13,0.8040147355486096,0.09064158505167152,0.03529088683788348
13,0.8059519991877391,0.09076684966474179,0.03524771899361214
13,0.7818009294675111,0.1231612890117727,0.0337999022814533
14,0.7814533358460046,0.12268451424928688,0.033797501976600336
14,0.7811591103071134,0.12268489009617901,0.03379749553136794
14,0.563281238079071,0.3375000059604645,0.04699989391907543
14,0.7809449853329714,0.12291588242151327,0.03379865421812802
14,0.7812299058383133,0.12371881512612512,0.03380171052406107
14,0.7812291798143634,0.12293735636642594,0.033798457278488035
14,0.9289062023162842,0.6875,0.04005051582335289
14,0.703906238079071,0.2874999940395355,0.038586716312483914
14,0.7882812023162842,0.737500011920929,0.035240085946140795
14,0.7812256642830395,0.12440347007932427,0.03380477255329479
14,0.7811732691736986,0.12369140724166669,0.03380161784926955
14,0.5914062261581421,0.48750001192092896,0.04480846136067609
14,0.7812265901341666,0.12368614749822776,0.0338015694067124
14,0.7811958206210027,0.12226812060880936,0.03379703934680177
14,0.81640625,0.08749999850988388,0.03534240756512747
15,0.7815827547530572,0.12274546168843439,0.03379786536114146
15,0.7816160723229357,0.12261777485057375,0.03379741040278569
15,0.7631291876364393,0.11453977455783719,0.03412480310460488
15,0.7624240314665534,0.11475496683583122,0.03411885656159688
15,0.7612371898216088,0.11433643830503111,0.03416392638875716
15,0.7811901551687792,0.12274507160905111,0.03379771133689015
15,0.8389920025706626,0.13474940696471088,0.03457289912913184
15,0.7806599613095044,0.12284495770837628,0.03379900115157085
15,0.8389920025706626,0.13477189701778,0.03457302658615719
15,0.7811816011326219,0.12321573416964025,0.03379959225854919
15,0.840184371374027,0.1370018555602339,0.034617785870106575
15,0.7811901551687792,0.12274532822941883,0.03379771233983135
15,0.7810766514761122,0.12274546168843439,0.033797804202612074
15,0.7619300920491839,0.11467676496101943,0.03412113671214779
15,0.7811879403570315,0.12263810487529825,0.033797297455142906
16,0.9498439909240042,0.1123023970431436,0.040495207805835924
16,0.9487063388818932,0.11198547605081714,0.03976244994445682
16,0.7811853171756121,0.23086845190409466,0.03507414648989964
16,0.7802425114988966,0.23510889172873184,0.035078987978228955
16,0.9489963487923293,0.11202918807582349,0.0404278210924587
16,0.9469029735772426,0.11036506706678739,0.03967705779411307
16,0.9489343930446893,0.11202932238119753,0.04042287107710728
16,0.782157227718547,0.2302990029389178,0.03507185599719665
16,0.7803235755419423,0.23352629707935676,0.03507916207353477
16,0.7811315670525308,0.22954791435292318,0.03507409681106553
16,0.7810487600674086,0.12338000992016068,0.03380040118296162
16,0.7811961590174819,0.22954791435292318,0.03507381210007379
16,0.7811064029681615,0.12279294354599284,0.03379796219180046
16,0.7808954125507006,0.23352629707935676,0.035075141318886054
16,0.7811853171756121,0.23071010162993563,0.03507411435638722
17,0.9012625527650913,2.0988683260362213e-06,0.043200721461786995
17,0.901260671327495,6.0459142322268376e-05,0.04298599891702636
17,0.9015912276112,9.60034166265565e-07,0.0432517042014264
17,0.901596300901407,5.834110586423261e-05,0.0430701760385312
17,0.9012605836357547,1.9290269383402385e-05,0.04326500376212495
17,0.9024080334416215,5.203412302840602e-05,0.04293726091422499
17,0.7808396976616281,0.12326447573124306,0.03380025809639716
17,0.7815598997644251,0.12325474855976419,0.033799879716818915
17,0.7812042650820181,0.12329340167381835,0.03379991238163625
17,0.7815734302172113,0.12266238779635663,0.03379752944442082
17,0.9016153635909443,6.0833815459479766e-05,0.04309246044286952
17,0.9012477121823474,2.159123234587283e-07,0.04331779480589345
17,0.901184814269833,2.6911503531277777e-05,0.04327919690527957
17,0.7808492366697242,0.12331126327715575,0.03380043078907282
17,0.7811396333127307,0.12333973311415995,0.033800142967450666
18,0.935497051605561,1.7458300213667088e-06,0.04464710466530946
18,0.8963520248827046,0.06612893746276154,0.037307306592950555
18,0.9351812338881726,8.523704364769604e-06,0.04462413785772157
18,0.9352311067947804,4.299070085897434e-06,0.04462872270223272
18,0.9350057894682904,6.49927327705041e-06,0.044613184312164225
18,0.8964214542306811,0.0677382636896571,0.037289556739714354
18,0.935497051605561,3.3769046098703567e-06,0.04464661710201702
18,0.8958420110138754,0.06644626165526168,0.03727385790750239
18,0.8961025000547748,0.06619424172837712,0.037292049656284174
18,0.9355362934307522,1.7829964005092317e-05,0.04464486271676244
18,0.7812179720120977,0.12289727951142859,0.033798302335891546
18,0.8958422796739013,0.06825064064500512,0.03725167929925481
18,0.935497051605561,2.9826641581955516e-06,0.04464673389866539
18,0.8968053797291353,0.06759630619702747,0.037313409073745155
18,0.8960677488998459,0.06923294780200462,0.03726549908842743
19,0.7811741039869584,0.12287124477491423,0.03379821757141537
19,0.8588394685794892,0.18503104201489037,0.035685230267702796
19,0.7809820682240484,0.12287126806364662,0.033798416391723006
19,0.7812008540715446,0.12287232880528111,0.03379820978515935
19,0.8588308009720688,0.1801618836499158,0.03561092114747216
19,0.8587813332444724,0.17389315808604086,0.03551295985669666
19,0.8588394685794892,0.17560439227248148,0.03554142939293817
19,0.7809781887261332,0.12284756232484778,0.033798327933637094
19,0.8588686276634664,0.1774735581602715,0.03556832622937719
19,0.7807455628752527,0.12352541853302088,0.033801571870283466
19,0.8588480195564423,0.16756698214484933,0.03542173307040771
19,0.7811689752778211,0.12284037749574878,0.03379809497691354
19,0.8602812080911888,0.17847428256742218,0.03562649540992889
19,0.7809872214726377,0.12287030957727325,0.033798405212882715
19,0.7809506260756729,0.12284731742150237,0.033798373814924614
20,0.9227053853375067,0.13012865859714268,0.038586313850086026
20,0.7812964358502162,0.12274697947411475,0.033797690331491714
20,0.9227028752264741,0.13482625966980097,0.03862193513565681
20,0.9213714408947746,0.13393758010919585,0.038509960211261275
20,0.9213720341912497,0.13679883561839754,0.03852448367880647
20,0.9216874881519881,0.13195845010728458,0.03852532143155093
20,0.9216920460759754,0.13472627836122505,0.038538033381584964
20,0.9213557047044637,0.13555193838705212,0.0385157247145284
20,0.9216850697205434,0.13816725917825887,0.03855594840640665
20,0.7802794169064611,0.12268224376657658,0.03379977067387398
20,0.9194372746482318,0.13075116368518805,0.03836820307775418
20,0.9197791469838085,0.13630743144829327,0.0384010302598203
20,0.7812964358502162,0.12274030592499523,0.0337976674590466
20,0.781109629594827,0.12258792815501306,0.033797169913315626
20,0.9212598045982325,0.13486496134935777,0.0385041413590374
21,0.78134603786249,0.12287877388111829,0.03379821807339438
21,0.67578125,0.5375000238418579,0.040456724383788834
21,0.7811708024473405,0.12349443099227321,0.033800776214368465
21,0.7815238680523624,0.12328118436070433,0.03379995160092947
21,0.7811965556846812,0.12229373843576759,0.033796420975688246
21,0.9007812738418579,0.13750000298023224,0.03712241120336773
21,0.7813719413062171,0.12329039288922308,0.033799891508776006
21,0.7814627947941407,0.12228240475164771,0.03379646943880758
21,0.6195312738418579,0.03750000149011612,0.04492819990853732
21,0.7811539329752535,0.12328073062599078,0.03379988782897806
21,0.78129686136411,0.12347021750793333,0.033800635244879855
21,0.7811943121490852,0.12269827084785678,0.03379752859201617
21,0.7819554794785125,0.1233952910264213,0.0338012636792625
21,0.7815940931854619,0.12327005071379797,0.033799980948239584
21,0.7811708024473405,0.12286795666297075,0.033798206319311734
22,0.7838701523762317,0.12299011177740836,0.0338119693259026
22,0.8320742379709978,0.043187217458103014,0.037609102363582995
22,0.7810252818099848,0.12297000308688251,0.03379875223469738
22,0.7806512607911955,0.12315004035094636,0.03380025884009457
22,0.8309758151971878,0.043866796668275046,0.03749352933252014
22,0.8311557850196567,0.04213238981729757,0.03777187185663923
22,0.7836944128863127,0.12328986105497597,0.03381127336148036
22,0.8307478106015066,0.04160708866331867,0.03780564260416236
22,0.781592202497124,0.1229838437436103,0.03379881416171707
22,0.7812636193834483,0.12299011177740836,0.03379866008346248
22,0.7842131802381056,0.12234496837703535,0.033813495685977614
22,0.8316855286653372,0.04245001600928212,0.03773050381092221
22,0.8309909349260386,0.042742287310471916,0.03768166522846868
22,0.7812636193834483,0.12235674225300638,0.033796226649875076
22,0.7841446876932145,0.1234343982244413,0.033816864669170915
23,0.7849172593386246,0.11914517555336925,0.03385994052839929
23,0.5002015044404058,0.012444170007141287,0.05976478148153704
23,0.7847241673018434,0.11908129474860572,0.03385799704501596
23,0.5000014220799005,0.012235590636532642,0.059517697093649215
23,0.7856233725164019,0.11911513763137653,0.03387142145778652
23,0.7862496017337329,0.11775336659656417,0.033903735580032415
23,0.7862387132130939,0.11774256619061786,0.03390376898098813
23,0.7862445683684715,0.11771178123461609,0.03390459412307223
23,0.7872495228072123,0.11778150148225737,0.033924787679290795
23,0.7854445795297337,0.11854962050330856,0.033875591567461574
23,0.5006978343096572,0.012446474593164702,0.05968547922081058
23,0.5001859309341896,0.012514407321236423,0.05985576676475383
23,0.7863413910072592,0.11763249750113439,0.033908078540154644
23,0.500162201652358,0.01252846242582697,0.05987783806898172
23,0.7847144973617229,0.11903859494519435,0.033858307562552335
24,0.9465266996107572,0.025764975566700436,0.041848154945838094
24,0.7813154228811414,0.12250170653542307,0.03379675989887988
24,0.7477934650150165,0.1249937120594088,0.03413771774525758
24,0.7518708245302285,0.12532237805862104,0.03405937509175364
24,0.7483681038220835,0.12543813736194231,0.03416985869838885
24,0.7468436330382846,0.12523448282975505,0.034144129337441355
24,0.7486522257815765,0.12534401846092807,0.034168447965763835
24,0.9471160740958037,0.026192029398507923,0.04157344022537833
24,0.7459870927177035,0.12521777231284162,0.034152534619008315
24,0.7470561590529758,0.1252087370462319,0.034142494544474065
24,0.9481970828965012,0.02578201864665148,0.041759975890791994
24,0.9466865908007703,0.024541527796644057,0.04202367565607478
24,0.751354514934157,0.1253375468250262,0.03406258847679826
24,0.7813154228811414,0.12251302150497076,0.03379680304849764
24,0.9481480119559469,0.0261560692215875,0.04169786710322808
25,0.910822034856783,0.015775067787255383,0.042067621030399224
25,0.7813494172483019,0.12250650687339251,0.03379678322822947
25,0.773064816361309,0.05652930603380943,0.036887964589763504
25,0.7743071111911881,0.05890124550346549,0.03680412459926065
25,0.7744861486267339,0.05956662917868548,0.036692825682180186
25,0.7736835096310889,0.05708968940133202,0.036791479388666164
25,0.7630648519605299,0.12459692148591026,0.03399438286357647
25,0.7737887337214646,0.05464355825332668,0.037008737447619074
25,0.7772893142776717,0.12370530558612891,0.033835920129453925
25,0.777009399232673,0.12361905730562903,0.03384014209589559
25,0.7813851796778385,0.12230806350117131,0.033796063462424156
25,0.7813851800274872,0.12241929228416813,0.03379646830721426
25,0.7752272020917236,0.06079148943202324,0.03654322614704169
25,0.7744100462527972,0.05922509472273568,0.036745802935045604
25,0.7730751780415117,0.05779558080283624,0.03690881278128557
26,0.8530321497838698,5.309243142770483e-08,0.04195870946695357
26,0.8313941699220028,0.10920463267441333,0.034556167597523
26,0.8314824373548099,0.1099875526434428,0.03453387981031199
26,0.8309995606942658,0.10920797286240039,0.03455265901515101
26,0.8521086828263219,1.219102229751538e-10,0.04201392236800715
26,0.781343760947834,0.12239980372427639,0.03379638920313202
26,0.8309393375275377,0.109676261716468,0.034539799560426084
26,0.8524899956266434,1.8429807620734799e-07,0.04202304281826146
26,0.8310545773903651,0.11017674840076622,0.0345247687935254
26,0.853040207182812,5.0940201998500245e-09,0.04195907268796874
26,0.8313791585556075,0.10919605499675494,0.03455608364449407
26,0.8521086828263219,8.903696281536302e-11,0.042013922372974015
26,0.8314729386498063,0.10925772640574608,0.03455640866887232
26,0.8524078650479159,5.0940201998500245e-09,0.04202117362984853
26,0.7812673842251017,0.12230806052684784,0.03379604431592171
27,0.8818525375416895,0.036176484795057105,0.038770773020523785
27,0.8814740942432269,0.03597876280428924,0.03880272611341029
27,0.8816125121431883,0.03481418988080557,0.038610678123891365
27,0.853877413184521,0.12231548059298036,0.03484578700770736
27,0.8551529992310679,0.12231742741111548,0.03490525814701128
27,0.8828054571159364,0.03486766403521217,0.03865348150888324
27,0.8557518662889942,0.12230806052684784,0.03492575654166919
27,0.8814828668547213,0.0350986590122188,0.03855971792385728
27,0.8827874956862877,0.03486766403521217,0.038653034535452165
27,0.7812291078011221,0.12235868506806129,0.033796241431660476
27,0.854073269410982,0.1223222156231212,0.03485245698682515
27,0.8541186549654591,0.12236734774754486,0.03485413635480298
27,0.8543066901140832,0.1223416802910515,0.034860537060362594
27,0.8824973668170345,0.03461701725476982,0.038692229521231615
27,0.8545751409761948,0.12241824047217485,0.03487010431480143
28,0.6779551932664897,0.005005998495775408,0.043299188400817104
28,0.7812933172214946,0.12230806052684784,0.03379604311009014
28,0.7812922200417483,0.1223076519136583,0.03379604157299894
28,0.7752494434200949,0.11599639843010878,0.03395713731082148
28,0.7751355510620764,0.11577199259964088,0.033973760338840454
28,0.818959762217741,0.06327663196953996,0.03619614776310964
28,0.7759849456503886,0.11688468789731433,0.03391521633468277
28,0.6792489151822264,0.004989960187716565,0.043226642655903195
28,0.6790948400714599,0.005160736668574521,0.04309124969990071
28,0.8192396452603964,0.06361974565243725,0.03616380026405107
28,0.8190180192805508,0.06361974565243725,0.036164586417259295
28,0.7755980495970124,0.11599661834192607,0.033949517726074324
28,0.8179690166508581,0.06341364646262769,0.036186024289560574
28,0.8198701498114087,0.06332469040472842,0.03619064345528301
28,0.7756575290913867,0.1160020599927019,0.03394812616366397
29,0.9390931778199283,0.007433971025781104,0.04355698444744059
29,0.7812927461010816,0.12231270224021648,0.03379606041564112
29,0.7686922038772406,0.08396199102798571,0.03488696740131924
29,0.8807432087633578,0.11051682087415621,0.035978612786039324
29,0.8604143463521909,0.06190934195000639,0.03610746779399453
29,0.7685912936648643,0.08399384198117114,0.03488501545274389
29,0.8607002551587083,0.06190934195000639,0.03611219514487384
29,0.7811064233861736,0.12231270224021648,0.03379614833037394
29,0.8229586854315053,0.15267418581736297,0.03503262697907943
29,0.8609301125573531,0.06176317895418351,0.03612913491860807
29,0.8240953490425934,0.1512868147014118,0.03503328718995699
29,0.8241624204363542,0.14928112631789214,0.03500121144040839
29,0.822620158162663,0.15422299020751012,0.03505044449991336
29,0.7691971827903088,0.08417291167948654,0.03491481097448803
29,0.769205726714745,0.08399384198117114,0.03492143623359797
30,0.7982291731962043,0.11186004214454083,0.03480959343701788
30,0.7813047711262558,0.12240165439572964,0.033796391109154236
30,0.7969377316395664,0.11103357658421685,0.03483937194851644
30,0.799298186049331,0.11114061016756974,0.034813998771997104
30,0.7990822168226887,0.11139390215015611,0.03480762631251526
30,0.7193590154342123,0.14181816210234321,0.034954138847908614
30,0.8855989578742559,0.004974206243256614,0.041823564104315314
30,0.8864032564301577,0.004998568334648467,0.04169836552069282
30,0.7213367959826529,0.1382312487716043,0.03485088112168919
30,0.8003468911946249,0.11221681210890663,0.03477379756461498
30,0.8877989453736334,0.005005257530612641,0.041587293218129553
30,0.7197852946249474,0.14585944745782164,0.03497766359025963
30,0.7215018685784382,0.13905054112915213,0.03485687254797293
30,0.7195384835433624,0.14181912066420058,0.03495014074542209
30,0.7980219276786366,0.11140114632594715,0.0348191443938898
31,0.9432556113839203,0.05656022866517187,0.039795350641756384
31,0.7813747078983724,0.12241640231711393,0.03379645408695703
31,0.738720001714343,0.11614902073967996,0.03434893624779443
31,0.781292200088501,0.12250758619475081,0.033796781611903984
31,0.7396267642326787,0.11626087432389726,0.03433816841920364
31,0.7392547772595506,0.11611186649867714,0.03433858343176949
31,0.7989124302946826,0.16833845908111641,0.03527294327292956
31,0.7992813096223326,0.1688126935283452,0.03529742098232759
31,0.9424536166430312,0.05659245390654947,0.03964858738832278
31,0.9425677467793784,0.05659152619374457,0.03974402803574428
31,0.8297497472626183,0.02248731753375895,0.03950622751992115
31,0.739744580490157,0.11670004443395178,0.03433051543840989
31,0.7402101097083132,0.1162617615380086,0.03432507526197763
31,0.7393712467307931,0.11640979142062663,0.034360468828244735
31,0.7407476589574851,0.11642204853568482,0.034311730270381764
32,0.9301141502046116,0.02908446280962692,0.0402668488362304
32,0.9302838180603353,0.02936076687847411,0.040521503309991234
32,0.9301121686758752,0.029112554156201384,0.040254651713603797
32,0.7813113729400054,0.12249099107281719,0.03379671914045635
32,0.7764981066438329,0.129449885883756,0.03388263898735792
32,0.781283764966438,0.12263624084976534,0.03379726433132855
32,0.9290613488436784,0.0788165140127899,0.03890935483310903
32,0.9292493317783658,0.07759700288524106,0.03887905473701612
32,0.7813490931035649,0.12254867690013374,0.03379694075452967
32,0.7813456073091705,0.12252435013137322,0.033796849910896494
32,0.7813489621067308,0.12254867690013374,0.03379694072006675
32,0.776404301587172,0.12902323653905443,0.03388148012909969
32,0.7813091388153428,0.12237121418138928,0.03379627913228144
32,0.7807354434090428,0.12254321915491861,0.03379764096642284
32,0.9302838180603353,0.029477946875501752,0.040318661356981644
33,0.9156871054780107,0.03202503746401652,0.039917731045510364
33,0.917399318398693,0.03202972695459482,0.03993937650285478
33,0.9165124526248764,0.03202781944383478,0.04003051327974677
33,0.9165284349852116,0.032007134858933396,0.04003557168709081
33,0.9173700061103248,0.03201670256168085,0.03993965906616313
33,0.7813338191351175,0.1226731897063266,0.033797408995435006
33,0.7813823880755301,0.12268698539706674,0.03379747700383554
33,0.9169694581941329,0.03176859652273709,0.04012892957589583
33,0.9175944564170114,0.03201363868898968,0.03995722755579633
33,0.9162075463193028,0.032039056072706115,0.0399855349813981
33,0.9178423070792308,0.03202766969917676,0.039875174124645786
33,0.9185689596247887,0.03202929784472152,0.039915848012984645
33,0.9168207733682958,0.03216766265346949,0.03986178353128123
33,0.916831631136724,0.032023070598684644,0.03988556998686405
33,0.9160200925812221,0.03178433606817813,0.03999868720785432
34,0.7813293043297709,0.12247518566225353,0.03379666140387417
34,0.788070694527458,0.1409084369789218,0.03402302291709322
34,0.7920124290043155,0.034375471037272815,0.039111020647184115
34,0.7853594928054425,0.12600257417619218,0.03384662820088363
34,0.7886949103044738,0.14215145800186207,0.034053891873907435
34,0.7851489187720083,0.12595024214282852,0.033842839642990646
34,0.7876309664806841,0.14066225640563404,0.03400953059946495
34,0.7812238715591913,0.12248296967404448,0.03379670175495374
34,0.791513542763407,0.034517007257453027,0.038685696946102195
34,0.7853549463850527,0.1270691905343177,0.03385230689921293
34,0.7812567163243508,0.1223969297698463,0.03379637796151611
34,0.7882910523086905,0.1408631378304585,0.03402826843258182
34,0.7917929434816187,0.034375471037272815,0.03911637884264201
34,0.7880809394736171,0.14090833970450278,0.03402328342761267
34,0.7881552455916614,0.14120278901977773,0.03402833918527533
35,0.5006052067176305,0.024146370217033898,0.05965869210729478
35,0.7926277491981865,0.043034644208907555,0.038416853944435225
35,0.5018543613691865,0.02401253921317434,0.05939985869303861
35,0.792610960299646,0.04272092005085864,0.038240998725576715
35,0.7925427068448121,0.04304247279186242,0.038432227123888114
35,0.7923302579470981,0.042713595186020525,0.038263222082520774
35,0.7925287417407433,0.04305738634599585,0.038430947080872725
35,0.7921359013706735,0.04249086251144558,0.03828262076982803
35,0.7827470259013564,0.122564908305044,0.03380020068142736
35,0.7926314732113225,0.04261255664026371,0.03823514885297607
35,0.781292200088501,0.12230765074491501,0.033796041568472567
35,0.7920212582439865,0.0427731390197726,0.03826263608832227
35,0.782745859412636,0.122564908305044,0.03380019351134828
35,0.7926316638896063,0.043080978079701564,0.0384096437706967
35,0.5000171508356103,0.024146370217033898,0.05973837329603673
36,0.7813027025886025,0.12231027484733221,0.033796051687271275
36,0.7320312261581421,0.23749999701976776,0.0358888933420289
36,0.5026898035474188,0.003131925099606026,0.058692012099173275
36,0.735546886920929,0.71875,0.03598575216459876
36,0.507031261920929,0.637499988079071,0.05447084932016689
36,0.510546863079071,0.3187499940395355,0.05394751427615766
36,0.7813028580649658,0.12231027484733221,0.03379605169614964
36,0.5000430132247304,0.0031509007781594634,0.0591204054685494
36,0.5000080255973376,0.003152732225364122,0.059126400121443365
36,0.5000100780955978,0.00313726008744492,0.05912443941989576
36,0.844531238079071,0.4375,0.03500650808176501
36,0.7813027025886025,0.12229031216782814,0.033796372482683745
36,0.8480468988418579,0.11874999850988388,0.03474310273927416
36,0.5000653339573734,0.0031377032429316365,0.05911532727665714
36,0.5001360268959768,0.0031514580588732364,0.05910507929190767
37,0.5000040657272534,0.0075211712723880055,0.0598080047578534
37,0.5005252716302535,0.007510368967058222,0.059711962813652084
37,0.7812911370537645,0.12230765074491501,0.03379604156229075
37,0.5000018146268184,0.0075211712723880055,0.05980833962566924
37,0.7831169391808024,0.12230765074491501,0.03380198906158959
37,0.7814934011831087,0.12231781450834268,0.03379616478683722
37,0.5000248154246488,0.00750729139630309,0.059779217279607076
37,0.904296875,0.41875001788139343,0.037492379942450006
37,0.791796863079071,0.21875,0.03613398880396796
37,0.7814819946977452,0.12265687583826931,0.03379741597485829
37,0.5667968988418579,0.6187500357627869,0.046808195731956805
37,0.5005309112799077,0.007518338379550152,0.05972623245111377
37,0.500003997597024,0.007514006859789104,0.059794765176978806
37,0.6792968511581421,0.01875000074505806,0.042970743860756326
37,0.623046875,0.518750011920929,0.041617628874931145
38,0.6903041933795748,4.1878579595113916e-08,0.043229734918058024
38,0.7811807164670217,0.12235920780148571,0.033796262629746616
38,0.754271642840421,0.07293509446505339,0.0359081377054679
38,0.8436633615481877,0.07269878981070532,0.0352730138204271
38,0.7535559566482962,0.07370780118784323,0.0358443851654346
38,0.7532833440836693,0.07288518622889247,0.03593582204692815
38,0.6906742511810502,1.3945851288874697e-08,0.0431770844213322
38,0.7535826564191931,0.07353741808990863,0.03586071613587353
38,0.6906742511810502,4.796175824032494e-09,0.04317708197021953
38,0.7541912842477343,0.07268599947570444,0.03593529627481788
38,0.7535991927817911,0.07311826608815823,0.035904992588980285
38,0.753633568442845,0.07391456545920103,0.035822614464436284
38,0.7535815951845248,0.07538143358830028,0.03567418891208353
38,0.754271642840421,0.0730018492150534,0.035901323686248765
38,0.7536712485020305,0.07404676461119651,0.03580905701322736
39,0.7814117629146916,0.1225185936486691,0.03379685352416575
39,0.7061590076813333,0.010811114887970291,0.04233709414515174
39,0.706055960748271,0.010797350006107962,0.04233178000559836
39,0.7059853422844748,0.010852189486607707,0.04236420922578597
39,0.7076923759890591,0.010771432508220193,0.04227978211126208
39,0.7061463831079615,0.010811056242178986,0.04233733272411937
39,0.7061910498824213,0.010786338712034774,0.042322889834822346
39,0.7063989117976209,0.010795165798605441,0.04232317426961318
39,0.7813686363653476,0.12230765074491501,0.0337960553801593
39,0.594921886920929,0.16875000298023224,0.04335711361144296
39,0.7066700535030225,0.010802334469849894,0.04231833298937066
39,0.7075304792252525,0.01075562495783252,0.042274500028351945
39,0.7074189270010898,0.010773592330695816,0.04228653588249172
39,0.7814564797917207,0.1225185936486691,0.03379688111712555
39,0.781291127204895,0.12230844498186019,0.033796044526844544
40,0.849187482491846,0.002516341239450615,0.04160960759376534
40,0.8169998893194641,0.1042210691237136,0.03497441000409564
40,0.8707184515601555,0.07395393836741626,0.03601140368827902
40,0.8730202957206736,0.07429763661072741,0.03609008184497865
40,0.8726320277467986,0.0741861881741669,0.03607589950428087
40,0.8487306699123668,0.002516338238946946,0.04160296893211901
40,0.8692905675527731,0.07359961058247749,0.03599257954197057
40,0.781284833064209,0.12230300849157684,0.033796084458929475
40,0.8733438390005945,0.07425951166205057,0.03611982092763572
40,0.8726414961985317,0.07429517146005354,0.03607413660687466
40,0.8173753601554413,0.10389760749915733,0.0349902298350534
40,0.8707308389168967,0.0737099796314841,0.0360153928594037
40,0.8724655007625951,0.07429595035431334,0.036066866293986664
40,0.8170815520745273,0.1042493319859082,0.0349751878496889
40,0.8729875035845465,0.07428941450241532,0.03608859112461412
41,0.7968812451372933,0.07291093808848993,0.03582469081976327
41,0.7812927005205405,0.12236655668460146,0.03379626152398252
41,0.7768747944317965,0.12087230887763772,0.033869773727971494
41,0.7812873365818844,0.12236644540904246,0.03379626112570221
41,0.7764151500257576,0.1208440654051687,0.0338784165968108
41,0.8410381256403524,0.007486875430279084,0.041038526606722026
41,0.7986463736727621,0.07314646885525895,0.03575575586119759
41,0.7985432238730488,0.07362223557959648,0.03570077739115613
41,0.7768884525939682,0.12087199824685435,0.033869533033277284
41,0.7768868404567304,0.12084855367119784,0.03386967772215509
41,0.7764393121744777,0.12078130037815112,0.033878049980506995
41,0.7768478930218004,0.1208723196075191,0.03387025255811637
41,0.797106536358113,0.07314646885525895,0.0357744900430069
41,0.8414044489874487,0.007423983960381028,0.04106730056353387
41,0.8412150486734035,0.007447357742606914,0.04104633391021369
42,0.7184065155315241,0.04408052268813798,0.03935066680525169
42,0.7812794304382696,0.12230765074491501,0.03379604183963821
42,0.7235584202476399,0.04292421724779687,0.03920719598801525
42,0.7918462953192875,0.12796242493118892,0.03468223759809912
42,0.7295362811881598,0.04068812254554056,0.03923602311922754
42,0.7268191498734231,0.0416743076522463,0.039216237736493256
42,0.726801385434615,0.04189179115394219,0.03918211003511412
42,0.7300209079796534,0.04068812254554056,0.039217050552173775
42,0.7224878804936707,0.04300421046126594,0.03930317260996783
42,0.731015579972776,0.040679364402049834,0.03919328961122124
42,0.7260890002751498,0.041675693177217886,0.03923649914415515
42,0.7916792918990616,0.12735280678459096,0.03401310948219364
42,0.7916947131309136,0.12735280678459096,0.03401358918133605
42,0.7263868918531061,0.04192855919866777,0.03918801592374288
42,0.7265418310089711,0.041562514812113344,0.03924309510820143
43,0.8199218511581421,0.5687500238418579,0.03617568148755906
43,0.8761718273162842,0.668749988079071,0.036175085358922124
43,0.7810730242520711,0.12294342051101241,0.03379859100062893
43,0.7813873574001414,0.12218502865832902,0.033798856298370074
43,0.763671875,0.06875000149011612,0.036119548439997894
43,0.7813465877758521,0.12479138542592001,0.03380657419755452
43,0.932421863079071,0.3687500059604645,0.04010129974404304
43,0.7819811060415021,0.12259243284047948,0.03379813724930758
43,0.7826797425029745,0.12379348618434999,0.03380478009920973
43,0.782291905486573,0.12376128398079858,0.03380275983615914
43,0.5386718511581421,0.46875,0.04947457050775385
43,0.7812545118716183,0.12394732915552681,0.03380270005868351
43,0.7827783966627313,0.12382696338515113,0.03380552006140936
43,0.651171863079071,0.26875001192092896,0.039802102627261735
43,0.7074218988418579,0.768750011920929,0.03876185546940093
44,0.7817179728116168,0.12226324434943324,0.03379700329624557
44,0.7817874873092797,0.1234705455544667,0.033801147302908244
44,0.779441966284803,0.12278216992732884,0.033805663345543496
44,0.7817179728116168,0.1222143783921808,0.03379818734929287
44,0.7819647491837465,0.12507529931776543,0.03380887744864438
44,0.7819742181959491,0.12280435939090761,0.03379893519383057
44,0.7794383516047932,0.12278216992732884,0.03380569235124924
44,0.552734375,0.09375,0.04963810082982847
44,0.7817179728116168,0.12195862265982256,0.033803222573831164
44,0.7819796855871549,0.1219754104930133,0.03380310381164487
44,0.7777343988418579,0.4937500059604645,0.0351230767630582
44,0.782048889649705,0.12234873729724648,0.03379622847630186
44,0.8902343511581421,0.29375001788139343,0.03678431540909337
44,0.7832507927803407,0.12280435939090761,0.03380514451656919
44,0.7817888948458458,0.12391516022900563,0.03380306472570209
45,0.7979689181876433,0.12419626689714289,0.03466825742204629
45,0.7929359386890755,0.12551122288080954,0.034677024058566625
45,0.5000336167565248,0.048941642707982236,0.05864745338543861
45,0.8028354528762746,0.12228160523089501,0.034612959852848374
45,0.8698355103835533,0.1409103532146737,0.03553697702893258
45,0.8648474158270091,0.139221683154719,0.03531360429436943
45,0.8669580339687036,0.13968184863010846,0.03536577062285749
45,0.7924310441442095,0.12577770239002736,0.03467241900656774
45,0.8040723968139384,0.12223880505388764,0.034602792934399815
45,0.7969991593892011,0.12427997245183041,0.03469106254061209
45,0.7972075715139346,0.12397909588398735,0.03467982967131868
45,0.8638079291775431,0.13968184863010846,0.03528963045702267
45,0.794777628717513,0.12507175991627326,0.03470521559416177
45,0.8130586808905284,0.12027335371566189,0.03461499561389297
45,0.7986799825920637,0.12392289767892993,0.03463905433570006
46,0.6089843511581421,0.59375,0.042607106087884254
46,0.9183593988418579,0.04374999925494194,0.03914080669767467
46,0.8058593273162842,0.643750011920929,0.03614904413878129
46,0.7812780165659355,0.12176618663180662,0.0338164532080775
46,0.693359375,0.4437499940395355,0.03914477503306725
46,0.665234386920929,0.6937500238418579,0.04112457984264428
46,0.9464843273162842,0.793749988079071,0.041382890908076606
46,0.78134723971643,0.12124775487192918,0.03382552389797267
46,0.833984375,0.19375000894069672,0.03523747369639467
46,0.580859363079071,0.24375000596046448,0.045157953081626505
46,0.781447490790036,0.12566118756340755,0.03381094805442779
46,0.7814269933445134,0.1249616752172469,0.03380741550730341
46,0.7813475925418873,0.12231653856293487,0.033796081913331846
46,0.721484363079071,0.39375001192092896,0.036345984517351916
46,0.7817707386470986,0.12230694450081339,0.033796535845363275
47,0.7811461333176194,0.1253889223334924,0.03380958147449014
47,0.7812023730718095,0.12364622459613225,0.03380140655213406
47,0.524609386920929,0.7437500357627869,0.051586289661092855
47,0.7798317601382155,0.12560926724091787,0.033815754804201355
47,0.7817339253410579,0.1237923436717351,0.033802414988485234
47,0.7496093511581421,0.34375,0.03539952306770283
47,0.7814888697636813,0.12417519701850159,0.03380378246861028
47,0.7799346241665188,0.12476397558197923,0.033810887615269535
47,0.7813045135001363,0.12363799216487228,0.03380134797869145
47,0.7813045356587235,0.12437618837518094,0.0338046304903541
47,0.6371093988418579,0.14374999701976776,0.03893558850173328
47,0.862109363079071,0.543749988079071,0.03555746453711258
47,0.517578125,0.10625000298023224,0.053696394226060595
47,0.7827295595937698,0.12420954046131256,0.03380691148154619
47,0.7790427882081851,0.12473828061312592,0.0338178224811044
48,0.7912849041931729,0.10946600574384603,0.03423956407733077
48,0.7909978456972827,0.11701339989031999,0.03404046559644075
48,0.7911282921658871,0.11461020129064589,0.03407046799436885
48,0.791143522923431,0.11425253556185695,0.034080101972808426
48,0.7912008132748213,0.11282961438342455,0.034127952392270886
48,0.7910304484213901,0.1154760638647453,0.03404651767880622
48,0.7912814910432606,0.10995778890087746,0.03422755661550623
48,0.7911509626848751,0.11347420054183578,0.034100827716509616
48,0.7912009637790832,0.11278780011061988,0.034128847328525086
48,0.791020475029458,0.11508842797800245,0.03405537287402855
48,0.7912011860289784,0.11449525035732362,0.03407552604890334
48,0.7911746124099631,0.11227636683913807,0.03413985541614743
48,0.7911510627018631,0.11314468262504174,0.034119752374318135
48,0.7912556700746798,0.11108981440034,0.034175774553589514
48,0.7912750707926812,0.11115150256158716,0.034173737092044444
49,0.7371853628416747,0.15762039690616614,0.03472405456832063
49,0.7812207019346122,0.1223077984457637,0.033796053430189384
49,0.7795972063114546,0.1223077984457637,0.033804264351007994
49,0.777655804675575,0.13436070950907925,0.03390208339181907
49,0.7755669785652073,0.13436341787881545,0.03394085772825862
49,0.7444266873019479,0.15650817692237062,0.034560570499422634
49,0.7428240142714397,0.15700191291666818,0.034610085355218076
49,0.7811033071311795,0.13393362514024568,0.033868908489447624
49,0.7538959410703292,0.1565128546951825,0.03443736598231663
49,0.7492980222129781,0.1563777432576487,0.03451248014282261
49,0.7724044310385613,0.13395904436544315,0.03404496417204987
49,0.7754345969028598,0.1341567576311512,0.03394195313246397
49,0.7586151831251201,0.15613263899367746,0.034404879158831884
49,0.7809953899403902,0.1335457118870276,0.03386599490592048
49,0.7544696417093893,0.1558792432494442,0.03442406313041818
50,0.798828125,0.0062500000931322575,0.04061737599913007
50,0.826953113079071,0.7562500238418579,0.03641049811642292
50,0.781291127204895,0.12194298550030105,0.0338048611700619
50,0.7818617555480278,0.12436536067144448,0.03380524132867056
50,0.781474872412437,0.12194355204445843,0.033804739927884894
50,0.7425781488418579,0.5062500238418579,0.03568124888782549
50,0.5738281011581421,0.40625,0.046042463054094464
50,0.686328113079071,0.20624999701976776,0.038719556116731765
50,0.6019531488418579,0.35625001788139343,0.04297579629364571
50,0.8550781011581421,0.3062500059604645,0.03535220439917366
50,0.7792786057058221,0.1239081593491375,0.03381177893016324
50,0.7803441710819294,0.12166844626420573,0.033821616291764396
50,0.630078136920929,0.706250011920929,0.04139229629186102
50,0.9113280773162842,0.606249988079071,0.0380784752606353
50,0.7818466841498732,0.1220222378028346,0.033801785616715464
51,0.8832031488418579,0.45625001192092896,0.03635830681251904
51,0.9253906011581421,0.581250011920929,0.03971062059481042
51,0.658203125,0.05625000223517418,0.04111813445595689
51,0.545703113079071,0.65625,0.04973538328704826
51,0.5316406488418579,0.28125,0.05024924911847611
51,0.7707030773162842,0.2562499940395355,0.03527319250509551
51,0.7795835498741256,0.12530147897025634,0.03381591922140203
51,0.6441406011581421,0.48125001788139343,0.04040173491278119
51,0.7820250914907778,0.12340193001543225,0.0338015068969751
51,0.700390636920929,0.18125000596046448,0.03748772779352057
51,0.939453125,0.15625,0.039790597657447746
51,0.7819648478771557,0.12387601628882365,0.033803344106401165
51,0.869140625,0.08125000447034836,0.03609845737132648
51,0.7144531011581421,0.5562500357627869,0.036821415883237604
51,0.756640613079071,0.6812500357627869,0.03546413748274542
52,0.8128906488418579,0.3812499940395355,0.03599618826248141
52,0.7812974226789761,0.12372898053422557,0.03380173743753959
52,0.7811037581331923,0.12253807501745727,0.033796987641349835
52,0.781234962790921,0.1222819550360357,0.033796653649871236
52,0.7833396136832469,0.12674454134390117,0.03382451472317481
52,0.7810607694194314,0.12273872592748244,0.033797794698215165
52,0.7811549583308468,0.12196470259761102,0.0338045047201043
52,0.7845767166073419,0.12267901551085877,0.0338195549421223
52,0.587890625,0.78125,0.04534513523244939
52,0.7835916295356189,0.12177068003532679,0.03382419848242638
52,0.7811037581331923,0.12283384946235018,0.03379812385153058
52,0.7810420771824389,0.12255581870406272,0.03379711838096052
52,0.7813608983827949,0.12669968872031032,0.03381652721588816
52,0.7808975006718516,0.12323773265255877,0.03380003636299499
52,0.7799736033189258,0.12255679258707647,0.03380089369073218
53,0.8357370248168671,0.6146097590056839,0.03496643340512632
53,0.8360321790894728,0.6075543000561463,0.034988134096152
53,0.8355748153319693,0.7163160539776537,0.03502613035584669
53,0.7786335449088371,0.12415268426967856,0.03381937524770765
53,0.7807470148591554,0.12274652675166356,0.03379838317437689
53,0.789307149060502,0.12686507889621468,0.03393987535441596
53,0.7893725543321268,0.12457475088014883,0.03393051686873995
53,0.7892870358047167,0.12257712300269945,0.033919907734673786
53,0.8355083402388774,0.680294621790766,0.03500133131076355
53,0.7895416453284607,0.12426731789648415,0.033934228332765645
53,0.768129159207882,0.12206180138972389,0.0339634090212138
53,0.7673842370872148,0.12285557790335715,0.0339800927959912
53,0.7817183977133566,0.1255872997392695,0.03381087712565216
53,0.835980068538462,0.6315890507267853,0.034982530434874266
53,0.7805333973971115,0.12176774210797907,0.033818506173826604
54,0.7812976473825819,0.12419082403494268,0.03380378428146812
54,0.8427734375,0.06562500447034836,0.03561745572794269
54,0.7847656011581421,0.4312500059604645,0.035014434181267026
54,0.5035156011581421,0.53125,0.05541289297174247
54,0.897265613079071,0.23125000298023224,0.03751813202452858
54,0.7812953941858543,0.1228494647695902,0.03379809755785402
54,0.5052734613418579,0.265625,0.05494799063977966
54,0.616015613079071,0.33125001192092896,0.04192552258448786
54,0.6722656488418579,0.6312500238418579,0.04076487735507554
54,0.8410155773162842,0.731249988079071,0.03515560108084271
54,0.730273425579071,0.6656250357627869,0.03612135162127359
54,0.559765636920929,0.03125,0.050699632696758576
54,0.8345526866600461,0.3516692126163623,0.03473817458800544
54,0.7812864891261132,0.12379209769679961,0.033802013597002814
54,0.728515625,0.13125000894069672,0.03456794343754664
55,0.7685437696526394,0.09615556708802123,0.03452675531728922
55,0.7812822038513163,0.12230765074491501,0.03379604171668745
55,0.7309011767446886,0.08330303076569702,0.03555946988640313
55,0.7834036577116839,0.1312437123166776,0.03385444172557402
55,0.7947531922446773,0.18890507217471006,0.03577317263831979
55,0.7351473446375463,0.08337433818060169,0.03545521798406634
55,0.7246886299144805,0.0833041599956163,0.03580033941007761
55,0.8299426251683052,0.23759786332601646,0.03525905685181811
55,0.7266334832387494,0.08317860537600423,0.035708017006672095
55,0.7705640838782116,0.09616191657999731,0.03453596371865588
55,0.7830605610154453,0.1310188497104215,0.03384967704381834
55,0.727383383854555,0.08330416181601351,0.035676340923789
55,0.8279850298925785,0.23885224003396882,0.03522897630799944
55,0.8470651852426881,0.23615277046567967,0.03557313411293171
55,0.7183859806944264,0.08317860537600423,0.035951778671556335
56,0.7811808322074101,0.12180420394704145,0.0338157751432289
56,0.5615234375,0.765625,0.04768319627650775
56,0.7865234613418579,0.3656249940395355,0.035001076917107375
56,0.7812635589275224,0.12170810939965811,0.03381775739736024
56,0.78221967827957,0.12272836599136434,0.033798235793155385
56,0.7826595860689743,0.12457248008638129,0.03380816738907039
56,0.781067929203996,0.12316178483358978,0.03379947873810758
56,0.6177734136581421,0.46562501788139343,0.041898714359174825
56,0.589648425579071,0.015625,0.048293951127132854
56,0.8990234136581421,0.565625011920929,0.037326474856492896
56,0.7813760792115455,0.1223636317047894,0.03379626535456039
56,0.781559584932922,0.12234819670680398,0.03379634183202325
56,0.7813780506118178,0.12237295257095236,0.03379630110358376
56,0.674023449420929,0.16562500596046448,0.03875555870353853
56,0.7810746254232404,0.12256000376330359,0.03379709610943495
57,0.7801256824749764,0.12246805683666198,0.03379971559658044
57,0.7808893084967357,0.1224098276462319,0.03379681271028771
57,0.7799598899143595,0.12321539715524045,0.033803601784037116
57,0.8146483898162842,0.4156250059604645,0.036043626046580075
57,0.7830708071523713,0.1220749378939989,0.033805212375024415
57,0.7819821764837521,0.12396892243612506,0.033803803014328795
57,0.7808801370472895,0.12372166816540113,0.0338021294458062
57,0.7819947498873216,0.12239428833555353,0.0337974391932321
57,0.7808364677468779,0.1239763469367732,0.03380333708167214
57,0.7795077055666422,0.12250391288984788,0.033804082654290614
57,0.7812432066077785,0.12239293400395349,0.033796365450337394
57,0.7808288858990051,0.12241742978667121,0.033796957553516985
57,0.7799297690799197,0.12252356268509329,0.033801030671325644
57,0.7829259987566678,0.12371056101307679,0.03380598918219341
57,0.7813256343455973,0.1225875848154563,0.03379708310437903
58,0.7817196991094651,0.12218257291971475,0.03379896186765507
58,0.7833604838283449,0.12352738814727411,0.033808984448075126
58,0.9271484613418579,0.21562500298023224,0.03971678093534774
58,0.7812210473908926,0.12371427858815273,0.03380169386322208
58,0.7805326087000362,0.12229282613607224,0.03379838891905981
58,0.783821964425607,0.1253214083561235,0.03382178194905991
58,0.7814658732941807,0.12261491187519527,0.03379724539816875
58,0.780054803143085,0.12333898264916357,0.033803553069156195
58,0.7021484375,0.6156250238418579,0.038878103024623516
58,0.7817197524456994,0.12549068095551016,0.03381038509283161
58,0.7805098316340598,0.1254615928906712,0.033811357242516916
58,0.7820262488752953,0.12186737706740003,0.03381332011773134
58,0.7838348835658884,0.12398098505650758,0.03381567946651355
58,0.781501721971993,0.12246829298469289,0.03379672573852223
58,0.781584677051537,0.12197173191068346,0.03380405310246296
59,0.7733664801973084,0.20198514252857888,0.03508199408843187
59,0.7813545943654597,0.12235148912886498,0.03379621369571159
59,0.7770687983970702,0.12700939851988766,0.033856664556000976
59,0.723304996216501,0.12301761934776645,0.03467113602094488
59,0.7230909757716701,0.12285744185619098,0.03466316376879443
59,0.7217986416698653,0.12286147712343395,0.0347282452226917
59,0.7675257508513889,0.2007470266573878,0.03514285902838456
59,0.7813545943654597,0.12235098146200724,0.03379621179211426
59,0.7770687983970702,0.20086051278996803,0.034985543048727356
59,0.7816546643043203,0.12235748947570627,0.03379650656666554
59,0.7767516087479504,0.20198514252857888,0.035007783297035126
59,0.7792267245401572,0.12695903342243994,0.03382791936823957
59,0.7834638255915535,0.20246336002548543,0.03495872822296294
59,0.7233513659236215,0.12267645861426757,0.034669304361918465
59,0.7561127584580962,0.11947332863459273,0.03408760324994799
60,0.7812662782223974,0.12232843940785011,0.03379612059420487
60,0.781102881375731,0.12251274159587683,0.03379689142893712
60,0.5474609136581421,0.140625,0.04980855139221368
60,0.7583984136581421,0.11562500149011612,0.03408205952769031
60,0.7811564103944832,0.12273929624198947,0.03379770762801425
60,0.533398449420929,0.515625,0.05026457279869397
60,0.6458984613418579,0.31562501192092896,0.0401943066150275
60,0.659960925579071,0.7406250238418579,0.03970695039695939
60,0.7826530527937291,0.1225383043926108,0.03379954673429964
60,0.7724609375,0.5406250357627869,0.03532655884461365
60,0.870898425579071,0.715624988079071,0.035987207618262476
60,0.7162109613418579,0.24062500894069672,0.03640148127012589
60,0.8849608898162842,0.34062501788139343,0.036339333231011677
60,0.7799988004797636,0.12273542933211119,0.03380142809161881
60,0.941210925579071,0.640625,0.04091151542102472
61,0.744335949420929,0.2906250059604645,0.0354743653496152
61,0.8287109136581421,0.04062500223517418,0.037669099735863666
61,0.9130859375,0.19062499701976776,0.038487553159813635
61,0.519335925579071,0.690625011920929,0.052343018887803794
61,0.603710949420929,0.44062501192092896,0.04286392902428331
61,0.7831514470430083,0.12358494101569367,0.033807280549582354
61,0.7812716398629476,0.12172022125614397,0.033817483242389645
61,0.5755859613418579,0.390625,0.045864215212452764
61,0.6880859136581421,0.590624988079071,0.03949310515804235
61,0.7832567673101943,0.12351199103589218,0.033808028975593846
61,0.800585925579071,0.7906250357627869,0.03631658809520239
61,0.7823540264984175,0.12517704472406221,0.03380956730274342
61,0.7819236123571426,0.12229635710891362,0.03379687531152532
61,0.8568359613418579,0.4906249940395355,0.03539135230271974
61,0.6318359375,0.09062500298023224,0.040329149975638925
62,0.7822634672932486,0.12422888830406567,0.03380470405429727
62,0.7812442586177347,0.12200246227214526,0.03380345346231102
62,0.638867199420929,0.653124988079071,0.040842903037664705
62,0.7812445220325044,0.1242789447722025,0.03380419245963721
62,0.7812366957369228,0.1194522764714698,0.03383292555234529
62,0.8076171875,0.15312500298023224,0.0349440160134625
62,0.7800324088916352,0.1276426725730657,0.033825982469018155
62,0.7813308519983498,0.1220201620225841,0.03380293494090298
62,0.7513672113418579,0.453125,0.03540326431775452
62,0.8638671636581421,0.25312501192092896,0.03596946833107419
62,0.5826171636581421,0.5531250238418579,0.045454409980227185
62,0.5263671875,0.05312500149011612,0.05382617715016669
62,0.9201171398162842,0.753125011920929,0.03886436321355141
62,0.7810966689392543,0.12358724570684743,0.03380123368950443
62,0.695117175579071,0.3531250059604645,0.03899225621419665
63,0.7835657980989159,0.12459957083536566,0.03381570060031171
63,0.7808572498568079,0.12458693215728983,0.033806089352624094
63,0.9482421875,0.0031250000465661287,0.044378611879728955
63,0.6669921875,0.10312499850988388,0.03881566190847808
63,0.835742175579071,0.6031250357627869,0.03495974445333037
63,0.8919922113418579,0.503125011920929,0.036841358003012255
63,0.7794921398162842,0.3031249940395355,0.03491872696326137
63,0.6107422113418579,0.203125,0.041490160912120544
63,0.7815058863672286,0.12152031329087047,0.03382035828133749
63,0.781141127951787,0.12248840397245057,0.033796765220410425
63,0.7232421636581421,0.40312501788139343,0.036256081183090615
63,0.5404297113418579,0.328125,0.049023920457824235
63,0.765429675579071,0.7281250357627869,0.03548033314927478
63,0.554492175579071,0.703125,0.048471938877447204
63,0.7814467996633268,0.12175062932068503,0.033815457050923085
64,0.709179699420929,0.02812500111758709,0.0412426306091336
64,0.8779296875,0.12812499701976776,0.03577423477387565
64,0.568554699420929,0.17812500894069672,0.0459275580346039
64,0.7824629375103174,0.1219460582224316,0.03380518494727096
64,0.9341796636581421,0.4281249940395355,0.04023779392855981
64,0.7812621449753671,0.12382347262534658,0.03380215292556903
64,0.6529296636581421,0.528124988079071,0.03995924351183361
64,0.781430595509566,0.12298701502449774,0.03379867809311843
64,0.8216797113418579,0.22812500596046448,0.03600460593537835
64,0.5966796875,0.628125011920929,0.04462054218219382
64,0.7812453794446965,0.12243632540063681,0.033796520882358
64,0.7814060132721649,0.12441414461154782,0.033804822803978264
64,0.7814067632235558,0.12249049861796597,0.03379674427074437
64,0.7812398780704728,0.12243632540063681,0.0337965222141861
64,0.7816706798161299,0.12486779897391921,0.0338072088492938
65,0.5087890625,0.15937499701976776,0.05483033789682889
65,0.7812247542166711,0.12195305692572224,0.03380468818997546
65,0.8498046398162842,0.6781250238418579,0.035302427349302556
65,0.7812045335512046,0.12224537643564443,0.03379757701381805
65,0.906054675579071,0.37812501192092896,0.037555736570704885
65,0.6810547113418579,0.778124988079071,0.0400999319734407
65,0.624804675579071,0.27812501788139343,0.04126083916919494
65,0.780557577908894,0.12298801891301502,0.033799889414636956
65,0.5123046636581421,0.4781250059604645,0.05371279737596391
65,0.7800101112729196,0.12362094305272237,0.0338050270346347
65,0.7812065401581461,0.12192787803494623,0.033805324274668196
65,0.7799450843533646,0.11794593531185746,0.033859937203961334
65,0.7935546636581421,0.578125,0.03627524053387029
65,0.7373046875,0.078125,0.0357976136887751
65,0.7799369616836341,0.1251284303654642,0.03381264495314183
66,0.7816255352443201,0.12236422102521055,0.03379648751367581
66,0.677539050579071,0.2593750059604645,0.03998755777566173
66,0.9025390148162842,0.659375011920929,0.03759757333787086
66,0.7816213150312668,0.12230139769648186,0.033796247862967733
66,0.7810651117517916,0.12136589104947888,0.03382422904339139
66,0.7811779305458301,0.12359761194111331,0.03380120975748963
66,0.7816085978759967,0.12393961726514315,0.03380285725001247
66,0.7816278458482611,0.12171547776793433,0.0338161656722874
66,0.7816355528369995,0.12449301758580134,0.033805391257465185
66,0.7781322951409931,0.1216554508451302,0.03384392941913613
66,0.7337890863418579,0.559374988079071,0.035945547884807916
66,0.8462890386581421,0.359375,0.034990922521444055
66,0.7900390625,0.05937499925494194,0.03660300811177646
66,0.7812192192000889,0.12294507242883651,0.03379849132356744
66,0.621289074420929,0.7593750357627869,0.04190697821336376
67,0.7056640386581421,0.5093750357627869,0.038729255001374085
67,0.8744140863418579,0.40937501192092896,0.035907513798637956
67,0.5931640863418579,0.30937501788139343,0.04453739969259057
67,0.9306640625,0.109375,0.038734777769104625
67,0.550976574420929,0.234375,0.048378332566723484
67,0.888476550579071,0.03437500074505806,0.03888666099757556
67,0.6634765863418579,0.43437501788139343,0.03930098872787084
67,0.7759765386581421,0.6343750357627869,0.03523375117471851
67,0.5650390386581421,0.4593749940395355,0.046897938487778824
67,0.7820739478548171,0.12329921545250304,0.03380002457845091
67,0.6494140625,0.00937500037252903,0.04419334948297608
67,0.7811924915942583,0.12298449168075425,0.03379866181373985
67,0.7619140148162842,0.20937500894069672,0.035292349373257946
67,0.536914050579071,0.609375,0.04972063919458896
67,0.818164050579071,0.7093750238418579,0.036240311576692906
68,0.8322265148162842,0.3343749940395355,0.03469838006375798
68,0.7802763038005869,0.12243420779705919,0.03379884881176148
68,0.7822876674286371,0.12242721793736312,0.03379736446186947
68,0.9447265863418579,0.534375011920929,0.04107577434835567
68,0.7808477921292382,0.12243356004761227,0.033796979778931736
68,0.7197265625,0.13437500596046448,0.03482152070431347
68,0.7813307830122739,0.1225533893971606,0.03379695480448539
68,0.607226550579071,0.734375,0.042874608380156956
68,0.781329491448114,0.12243420779705919,0.03379651000333238
68,0.7828876712133055,0.12330020718051893,0.03380401618708747
68,0.780219677013472,0.12173468659870795,0.03382087613750344
68,0.7828866492429244,0.12329915679749508,0.03380400492097598
68,0.7828488772045052,0.12314544184101678,0.03380312468636636
68,0.7802763038005869,0.12241805200067772,0.033798788171187484
68,0.7837452062974463,0.12210737712936899,0.03381034282750507
69,0.7797214934189436,0.12424377750351312,0.033809825087028324
69,0.7815235698253149,0.12239561309853125,0.03379647488157207
69,0.5791015625,0.08437500149011612,0.0464690200143972
69,0.8041015863418579,0.484375,0.03613129330432085
69,0.9166015386581421,0.28437501192092896,0.03852876087617786
69,0.7812796822683109,0.12436812523808441,0.033804594666696816
69,0.7812796822683109,0.12278564154398287,0.03379784263986431
69,0.7821297131476568,0.12243818647132663,0.03379681412137119
69,0.7812747164540712,0.12278356477267673,0.03379783482566824
69,0.7813099270160566,0.1223357453990549,0.033796147080318126
69,0.691601574420929,0.684374988079071,0.039327745834408005
69,0.747851550579071,0.18437500298023224,0.035036580829298974
69,0.6353515386581421,0.3843750059604645,0.04080554369812177
69,0.7812726266964695,0.12241588527926071,0.0337964404381098
69,0.8603515625,0.784375011920929,0.035685042995623
