iters,res,f,objs
0,0.725,0.4,0.04164612851985907
0,0.8375,0.2,0.039635236185866084
0,0.6125,0.6,0.047371784044400456
0,0.66875,0.3,0.04373659112628694
0,0.89374995,0.7,0.042731303967222634
0,0.78125,0.1,0.036535874407726196
0,0.55625,0.5,0.05224075180982584
0,0.584375,0.25,0.04903017763774599
0,0.809375,0.65000004,0.041120538145760076
0,0.921875,0.05,0.03558024270123666
0,0.696875,0.45000002,0.04288803705728829
0,0.640625,0.15,0.04239508900740618
0,0.865625,0.55,0.04190315284017738
0,0.75312495,0.35,0.040816513718076465
0,0.528125,0.75,0.05630655684004608
1,0.8234374523162842,0.2750000059604645,0.04047196427890974
1,0.790462586135018,4.393439817388899e-06,0.04210917496098555
1,0.7109375,0.07500000298023224,0.03804842188497557
1,0.7645731834095845,4.3235443392092385e-05,0.04241024910020089
1,0.788788354697854,9.989210048334417e-07,0.042092544472596916
1,0.7656012038301351,3.9314584641167425e-05,0.04239760438191881
1,0.7665521851757879,3.977586592800736e-05,0.04238218744461042
1,0.7671874761581421,0.7750000357627869,0.0410816029942032
1,0.6546875238418579,0.574999988079071,0.04497625041676841
1,0.8044025745707009,0.00032162450532837594,0.04190708725144143
1,0.9359375238418579,0.4749999940395355,0.04445022877835603
1,0.879687488079071,0.17499999701976776,0.03987270036761369
1,0.542187511920929,0.375,0.05395755298228914
1,0.7856392477681179,1.3456944161861749e-05,0.04211982603815684
1,0.7977015270990926,4.4325445815532446e-05,0.042053890495695204
2,0.9463048212878192,0.02398668264648143,0.03939939960589132
2,0.8917891453645688,0.051660651739722785,0.034762849858931376
2,0.9494673901046423,0.026063289913594592,0.03933658388747107
2,0.9184655317028197,0.04968395055028274,0.03553728868097198
2,0.8763613762795885,0.05242125505201085,0.034652007761926555
2,0.9258496611707974,0.049867756672210356,0.035813803478262754
2,0.8599653654884731,0.0483632760113231,0.034907058812631
2,0.949754005186349,0.028232665220762905,0.0389712970772888
2,0.9494673901046423,0.02885946724396602,0.038957632496535846
2,0.8721672626004419,0.051453252622071066,0.03482214100135446
2,0.9234450060976291,0.04922908666877668,0.03565004267929504
2,0.9225701845808744,0.0511727626944211,0.035547892119494266
2,0.8937846631657519,0.04763378664656082,0.034614544741645284
2,0.9491079972406817,0.02613240844165672,0.0392819640176011
2,0.9491541005709079,0.025570806539934453,0.03936960460547006
3,0.8628130216454989,0.06296827227899836,0.034626241848838425
3,0.8629265420418547,0.06293891295489355,0.03461928760692685
3,0.8840804214650992,0.0487073948323555,0.035032702022441305
3,0.8609154443945045,0.0698317291411276,0.03502274127457099
3,0.8891892939186131,0.05384487803213389,0.034436597036977774
3,0.8865988756711835,0.0510922508227129,0.03489656498828238
3,0.8812108947037975,0.04795920501607007,0.03463296322701045
3,0.875845316828155,0.049232686480670515,0.03497195099900739
3,0.8869412577769336,0.04633571061887333,0.03509168624708867
3,0.8901831263677688,0.0510922508227129,0.03485893124826111
3,0.8822009227193881,0.05360582990924432,0.0344645981935195
3,0.8865084446499786,0.0487729957177321,0.03503843900233772
3,0.8669787732321308,0.06443961992333445,0.034867210359541774
3,0.8823445810331674,0.041808399933823306,0.03566638289093271
3,0.8630017380226485,0.06528151743442405,0.034656335828132684
4,0.8682856891377575,0.05801350281069404,0.03450475102100293
4,0.598437488079071,0.675000011920929,0.048710086539798705
4,0.8772081607281725,0.058071578653829066,0.034528953955406685
4,0.8773551006672078,0.06151521097171314,0.03470939191148852
4,0.8665831586992488,0.059319384791092014,0.03457053980405731
4,0.8799521878474829,0.05656645300723298,0.0346564601700566
4,0.5703125,0.125,0.04901173232491053
4,0.884222233436896,0.0577778406566762,0.03461772237428321
4,0.8744795952656871,0.056510474180079415,0.03459610490842299
4,0.8841742506572158,0.05548519642640252,0.034705323209303474
4,0.874928777099621,0.05816301842124901,0.03453193992175643
4,0.5001164470807524,0.013017403092858412,0.06339466217766389
4,0.5000209682624834,0.011840939461445243,0.06353452480092066
4,0.8739059183592657,0.05674718417147489,0.03457022787551687
4,0.8785133300010562,0.05973304690039719,0.034533797715327066
5,0.8768853248114862,0.05746034130376951,0.03476237669671623
5,0.870544725138452,0.05843603399076154,0.034503608202102486
5,0.8574753177398678,0.05825594936320366,0.034550713838520916
5,0.8724636413561699,0.056806828444681275,0.034596181358599036
5,0.8873853611041886,0.05472902436868315,0.034803115533197176
5,0.8665491689413187,0.0584717156562186,0.03443696892586592
5,0.8715193646376537,0.059305722064395994,0.03462159227263357
5,0.8590516509560411,0.05850752963713086,0.03446585150315438
5,0.8708794946241573,0.05345964741538949,0.0344794405066967
5,0.7953125238418579,0.5250000357627869,0.040804870490460374
5,0.8728691284536475,0.056217924368263575,0.03467884459581017
5,0.9078124761581421,0.32500001788139343,0.042642039940788294
5,0.8636384567959349,0.058432724540704015,0.034470474158295086
5,0.8704985883351352,0.05843603399076154,0.03450345174945525
5,0.682812511920929,0.7250000238418579,0.043790239263156304
6,0.8515625,0.625,0.04164958545359822
6,0.8636054038355047,0.056672522847765555,0.03460609203606244
6,0.5210937261581421,0.21250000596046448,0.05530923064438524
6,0.8754475795140817,0.056805403306162155,0.034611457460744906
6,0.84446577808344,0.05494424685367129,0.0346985480668724
6,0.8431317193536103,0.055815416637955535,0.03482715313192413
6,0.8596745369450587,0.06124088587093666,0.03463968187287041
6,0.6265624761581421,0.22500000894069672,0.045434126711932844
6,0.8608248063552879,0.056165884889656806,0.03467431941300644
6,0.8603919187239923,0.05848141927256837,0.03445372414693186
6,0.5140625238418579,0.42500001192092896,0.057382197124688464
6,0.739062488079071,0.02500000037252903,0.039547789626799904
6,0.74609375,0.612500011920929,0.041266840000657744
6,0.8605311187391,0.058574117755120496,0.03444595775539871
6,0.8724067197484552,0.05991892201496386,0.034460439954837836
7,0.8600670057277939,0.059827762548552134,0.03461529036043739
7,0.6898437738418579,0.11250000447034836,0.03930490797531701
7,0.8673004414854978,0.058568416301318184,0.03442727927816759
7,0.8710929720848349,0.05612345542217305,0.03467429580258262
7,0.8585937023162842,0.012500000186264515,0.039988479441662526
7,0.8023437261581421,0.3125,0.04044702099912075
7,0.633593738079071,0.4124999940395355,0.046354258266770185
7,0.8652571899007124,0.0591454378456412,0.03457313236780557
7,0.875900935917616,0.059329674744640265,0.034749845881099944
7,0.60546875,0.0625,0.047236018513356466
7,0.8677349134784632,0.0585470413843477,0.03442951024928212
7,0.914843738079071,0.512499988079071,0.043409057983022824
7,0.8627749719664657,0.06078798102732569,0.034490602842486444
7,0.577343761920929,0.7125000357627869,0.05084329862217657
7,0.8658488309574501,0.05851804792040132,0.0344339897378901
8,0.8694092273081168,0.05857088622155509,0.03442267182841475
8,0.88671875,0.762499988079071,0.04256954396567146
8,0.717968761920929,0.6625000238418579,0.04215088328090126
8,0.8714636077233328,0.05589887046348008,0.03472752145892557
8,0.8304687738418579,0.4625000059604645,0.0412664724345349
8,0.8588237645863822,0.05854104233228863,0.03450303269550996
8,0.9429687261581421,0.26250001788139343,0.044325677355451086
8,0.8669730659351407,0.05840841396131207,0.034448645232439866
8,0.6617187261581421,0.36250001192092896,0.04442268610559245
8,0.8669290710665595,0.05854104233228863,0.034428441836518706
8,0.8583197954569998,0.06018253374718522,0.03443816282445412
8,0.8552224794027706,0.05842719611689187,0.03453390441212979
8,0.8721624677806146,0.06072465397267457,0.0346279804914777
8,0.8672772604350756,0.059964872689930504,0.03445480185132958
8,0.8670541573506534,0.05840841396131207,0.03444925060481328
9,0.81640625,0.08749999850988388,0.03583391749778858
9,0.563281238079071,0.3375000059604645,0.051554465704680086
9,0.864206654746999,0.05792644800389857,0.03455482928178702
9,0.774218738079071,0.16250000894069672,0.03783597458788483
9,0.8653567368954913,0.059075009853069294,0.03458609026281993
9,0.5492187738418579,0.5625,0.05313562682309684
9,0.7601562738418579,0.5875000357627869,0.04092108809225365
9,0.8740567044484208,0.05891209701827247,0.03466293545860386
9,0.647656261920929,0.7875000238418579,0.04593854946425797
9,0.8556906542679676,0.05989300298408832,0.034627201116899924
9,0.9289062023162842,0.6875,0.04405940991332226
9,0.53515625,0.1875,0.053348429165929474
9,0.5914062261581421,0.48750001192092896,0.04885214832379676
9,0.8726562261581421,0.38750001788139343,0.041824446772368414
9,0.703906238079071,0.2874999940395355,0.04197717759763452
10,0.865392769674777,0.0584767696784307,0.03447759501198961
10,0.6195312738418579,0.03750000149011612,0.04601633319596469
10,0.8562461856594543,0.05818630323295321,0.03453747442279965
10,0.507031261920929,0.637499988079071,0.05831780064914114
10,0.9007812738418579,0.13750000298023224,0.03980183412244893
10,0.844531238079071,0.4375,0.04142004545664447
10,0.8728812319519882,0.05732418700449249,0.03463110446052559
10,0.7882812023162842,0.737500011920929,0.04098969964193727
10,0.8712788835741445,0.05642852120503851,0.03462783673531823
10,0.8665936357539259,0.057218882656670716,0.034623862924728875
10,0.8763319350260513,0.057244524504657085,0.03470988017917524
10,0.67578125,0.5375000238418579,0.043745774852762986
10,0.7320312261581421,0.23749999701976776,0.04056181254918776
10,0.8606894173897282,0.05735486664243639,0.03459712880712415
10,0.8792697900089206,0.058380361429735565,0.034657812746995385
11,0.735546886920929,0.71875,0.04164892240961894
11,0.791796863079071,0.21875,0.03957189007467897
11,0.623046875,0.518750011920929,0.047009338282248014
11,0.510546863079071,0.3187499940395355,0.057332554856521147
11,0.8199218511581421,0.5687500238418579,0.04114429898382806
11,0.594921886920929,0.16875000298023224,0.046047185352122724
11,0.904296875,0.41875001788139343,0.04285736668849248
11,0.8480468988418579,0.11874999850988388,0.037845552256307535
11,0.860288899400748,0.058341016502708745,0.0344712318558222
11,0.5667968988418579,0.6187500357627869,0.05154159656384693
11,0.6792968511581421,0.01875000074505806,0.042443766785228036
11,0.8648204121497866,0.059439001554699375,0.03455298881232967
11,0.8601816915208877,0.058533068705351854,0.034450808021245276
11,0.867704769300526,0.062088668104639325,0.03458485983275726
11,0.8693504891967435,0.06021908839326002,0.03441581291277781
12,0.8620437425410797,0.0580676138644809,0.034528618831550145
12,0.8606650973072608,0.05874488294398829,0.03445111562413622
12,0.8562233318423751,0.05762172516204808,0.03457395258863475
12,0.8685818385553575,0.05854243815579822,0.03443057325589512
12,0.8639829830290489,0.05800813346487536,0.03453973841868796
12,0.8761718273162842,0.668749988079071,0.04215998883564626
12,0.651171863079071,0.26875001192092896,0.04455973213096809
12,0.8670058682235684,0.05779614558678699,0.03455455645554762
12,0.8668864870054198,0.05874237950347186,0.034383303819701484
12,0.8651781723295385,0.058917141465952116,0.03463451584688311
12,0.932421863079071,0.3687500059604645,0.044023925921091236
12,0.866080077038374,0.05808420018964087,0.03449514128490854
12,0.7074218988418579,0.768750011920929,0.04273544560827685
12,0.8729375829476181,0.058729981803942406,0.03453431480761202
12,0.8626558764871445,0.0606988053608931,0.03438744555853107
13,0.7777343988418579,0.4937500059604645,0.04085551155032334
13,0.860270931518956,0.06032582789562569,0.034407067110771725
13,0.9464843273162842,0.793749988079071,0.0451854875604478
13,0.8614661847280941,0.058067529955703134,0.034528573501180645
13,0.552734375,0.09375,0.052077586000278446
13,0.833984375,0.19375000894069672,0.039427445992370524
13,0.763671875,0.06875000149011612,0.03572145989134101
13,0.8619459163814551,0.05875716616848664,0.03442683816563389
13,0.8902343511581421,0.29375001788139343,0.04190503875887332
13,0.6089843511581421,0.59375,0.04762254105626679
13,0.8620701788582091,0.059066468906102315,0.034632116798896356
13,0.721484363079071,0.39375001192092896,0.04176930057593229
13,0.665234386920929,0.6937500238418579,0.044540459184548443
13,0.5386718511581421,0.46875,0.05370852657025434
13,0.8691558631748291,0.05907336320194913,0.034603410433709444
14,0.580859363079071,0.24375000596046448,0.0492008131718503
14,0.8613376516346481,0.059291046901339246,0.034562613315247466
14,0.8595351601746001,0.05809279465584917,0.034516640205832665
14,0.8611616779258492,0.05929392013674504,0.03457182522828996
14,0.8614406553862614,0.05920886743063024,0.034584521125380206
14,0.7496093511581421,0.34375,0.04086088956905298
14,0.8058593273162842,0.643750011920929,0.04105281953127773
14,0.693359375,0.4437499940395355,0.04302734894466971
14,0.8689190223460563,0.05927088227352202,0.03459994218268094
14,0.864572164488214,0.05881201227357705,0.034410338033084804
14,0.9183593988418579,0.04374999925494194,0.035799977229508895
14,0.862109363079071,0.543749988079071,0.041803541950029895
14,0.6371093988418579,0.14374999701976776,0.04244408398255357
14,0.8548767910468628,0.05929392013674504,0.034638934994200114
14,0.8563846067764509,0.0591400101496688,0.03464493049341129
15,0.8591827450425233,0.058743609388177,0.034437191456308025
15,0.8550781011581421,0.3062500059604645,0.041140858640443416
15,0.8521705719234971,0.058775416159943195,0.03454549119210336
15,0.8646298668729037,0.05883661546236469,0.034492559401374044
15,0.517578125,0.10625000298023224,0.05741681115677038
15,0.8618964301419154,0.057102713953348525,0.034654627969499564
15,0.7425781488418579,0.5062500238418579,0.0411993713049927
15,0.630078136920929,0.706250011920929,0.04681955770856256
15,0.686328113079071,0.20624999701976776,0.04147596406377501
15,0.8594282980012649,0.058986888128239705,0.03448381912825593
15,0.8619344175087815,0.0587620697213599,0.034425221449711385
15,0.524609386920929,0.7437500357627869,0.05667336053963005
15,0.8618964301419154,0.059987591036547376,0.03447191283157623
15,0.8645277143336362,0.059965706723825105,0.03448589622589899
15,0.8631365068892919,0.05854697251374982,0.034458128958135846
16,0.658203125,0.05625000223517418,0.0418410820622907
16,0.939453125,0.15625,0.04244822387999802
16,0.869080120502509,0.059569134785941155,0.034554774669512116
16,0.8647054397029571,0.060264757788166645,0.0344303839117494
16,0.8666038023906456,0.058199485909326824,0.03448021993360008
16,0.798828125,0.0062500000931322575,0.0412233141651834
16,0.9113280773162842,0.606249988079071,0.043269306998946266
16,0.8645517956485382,0.058464186223999105,0.03447013991604931
16,0.7144531011581421,0.5562500357627869,0.04210641686560653
16,0.8832031488418579,0.45625001192092896,0.04228351847301925
16,0.5738281011581421,0.40625,0.05083376778359482
16,0.6019531488418579,0.35625001788139343,0.048072042461580186
16,0.8600447653726295,0.05908190973844005,0.034615073304219215
16,0.8621214509657703,0.05793340561315441,0.034554230159924065
16,0.826953113079071,0.7562500238418579,0.041434540126937515
17,0.8659129602431376,0.05899247295588572,0.03461501470409899
17,0.8633428214911643,0.05883323101123613,0.0345331795430766
17,0.7707030773162842,0.2562499940395355,0.040023825424296264
17,0.8632303593641696,0.05941010655953351,0.034569270823330764
17,0.8634582309622962,0.05653604579544862,0.03461171106428792
17,0.8617108060078974,0.058650741466048324,0.034450525451816934
17,0.6441406011581421,0.48125001788139343,0.04541950353215539
17,0.8631813146680675,0.059029565772818024,0.03464065898950101
17,0.869140625,0.08125000447034836,0.03597822350292367
17,0.545703113079071,0.65625,0.05389823495283128
17,0.8611408259309988,0.05873790263850567,0.03444616709219028
17,0.756640613079071,0.6812500357627869,0.04110948628699134
17,0.8622245948034585,0.05988075175488031,0.034492017110460585
17,0.5316406488418579,0.28125,0.054539233929530424
17,0.8638131797505946,0.05897217756398347,0.034656488065657784
18,0.8606737812665676,0.06049710605002157,0.034401242383478206
18,0.7847656011581421,0.4312500059604645,0.04071111478383821
18,0.587890625,0.78125,0.0501297251322148
18,0.897265613079071,0.23125000298023224,0.041679147718192706
18,0.8617769730460341,0.05953418193057748,0.034568936989087015
18,0.559765636920929,0.03125,0.05251760206187667
18,0.8665313625796628,0.06018983692182072,0.034410359509651996
18,0.700390636920929,0.18125000596046448,0.0400912141831133
18,0.6722656488418579,0.6312500238418579,0.04406778377865635
18,0.616015613079071,0.33125001192092896,0.0474452430957404
18,0.8616765776352923,0.058998201779844016,0.03464953267250955
18,0.8128906488418579,0.3812499940395355,0.04089877250860494
18,0.9253906011581421,0.581250011920929,0.043812264770505024
18,0.861889638827572,0.059536960061612645,0.034570901301547184
18,0.8754151655856368,0.05772015560755335,0.0346319380446773
19,0.8591074066416239,0.0597585628024188,0.03458120246301565
19,0.5035156011581421,0.53125,0.05837926813952942
19,0.5052734613418579,0.265625,0.05778653810207885
19,0.865536004414783,0.058743143532920455,0.03438912722212161
19,0.8410155773162842,0.731249988079071,0.04160018006492285
19,0.8427734375,0.06562500447034836,0.03475459275988343
19,0.8610552024789533,0.05972626537063703,0.03461268447938392
19,0.8670684237895107,0.05854530402198757,0.03442629710652189
19,0.8647093081762598,0.05977045018804299,0.03449414743996971
19,0.8659896804816806,0.059606221485150795,0.03460735450229593
19,0.8653783550311096,0.05977367829561742,0.03448353163784617
19,0.730273425579071,0.6656250357627869,0.041766215722295386
19,0.728515625,0.13125000894069672,0.03780964686424061
19,0.8654170200143073,0.05977356400723505,0.03448379618264512
19,0.8624203053245164,0.05922274166077053,0.03457727410206391
20,0.870898425579071,0.715624988079071,0.04216611563035693
20,0.8621473739505103,0.058752331576292165,0.034428071697101804
20,0.8605387944603929,0.05887177255287048,0.03452407595538206
20,0.8990234136581421,0.565625011920929,0.04270120220131981
20,0.7865234613418579,0.3656249940395355,0.04062136392862796
20,0.8644751923369025,0.05843789825771209,0.03447411184984384
20,0.8146483898162842,0.4156250059604645,0.04095804315904399
20,0.674023449420929,0.16562500596046448,0.0409084990252141
20,0.7021484375,0.6156250238418579,0.042662143461779205
20,0.5615234375,0.765625,0.052692269351826186
20,0.589648425579071,0.015625,0.05021862011185045
20,0.9271484613418579,0.21562500298023224,0.04291350277222745
20,0.6458984613418579,0.31562501192092896,0.045256913797900214
20,0.6177734136581421,0.46562501788139343,0.04723524476366202
20,0.8675521527098581,0.060879529238223005,0.034720601371078005
21,0.8661920672797804,0.05868810886220759,0.03439878425851139
21,0.8647399053910244,0.05918270649662702,0.03456174183783189
21,0.5474609136581421,0.140625,0.05198026232300018
21,0.941210925579071,0.640625,0.04483535284607008
21,0.7724609375,0.5406250357627869,0.040752422196425823
21,0.7162109613418579,0.24062500894069672,0.041111027506226284
21,0.8660420626359185,0.05876601654629086,0.03438352247224974
21,0.8287109136581421,0.04062500223517418,0.03600048300316929
21,0.603710949420929,0.44062501192092896,0.04813961064352361
21,0.7583984136581421,0.11562500149011612,0.0370435180028309
21,0.8637553377864287,0.05874374317531157,0.03442204899540639
21,0.533398449420929,0.515625,0.05450621262588543
21,0.8622221308508438,0.06083679670848507,0.034477363342859405
21,0.8849608898162842,0.34062501788139343,0.041974859556067466
21,0.659960925579071,0.7406250238418579,0.044986500688493074
22,0.5263671875,0.05312500149011612,0.05661061356986623
22,0.6880859136581421,0.590624988079071,0.0432621021371769
22,0.5755859613418579,0.390625,0.050611460737709946
22,0.8652273679095273,0.05872472833420231,0.03443484103182389
22,0.6318359375,0.09062500298023224,0.04349100624563266
22,0.8568359613418579,0.4906249940395355,0.04168425048954671
22,0.8652273679095273,0.058712195642943416,0.034431943351821294
22,0.519335925579071,0.690625011920929,0.0569796581927084
22,0.800585925579071,0.7906250357627869,0.0411291838345388
22,0.744335949420929,0.2906250059604645,0.040695474599001476
22,0.8638671636581421,0.25312501192092896,0.04100204121238267
22,0.8673424125219836,0.05872778505516871,0.034392544334601566
22,0.8569190200696133,0.06115187347765937,0.034698758207532175
22,0.9130859375,0.19062499701976776,0.04165605266131413
22,0.7513672113418579,0.453125,0.041066053851749676
23,0.8668536657051129,0.05882556474800846,0.03454443230831223
23,0.695117175579071,0.3531250059604645,0.042775683597491496
23,0.8608557880410541,0.0609999927173579,0.03468943095666208
23,0.9482421875,0.0031250000465661287,0.0439132891460713
23,0.8646604375562957,0.05911806457679434,0.03457828579305354
23,0.6669921875,0.10312499850988388,0.040511034394089006
23,0.8634134292177429,0.05883910797681817,0.034541848342308404
23,0.638867199420929,0.653124988079071,0.04613741879941352
23,0.9201171398162842,0.753125011920929,0.04379980011126385
23,0.5826171636581421,0.5531250238418579,0.049838507226018285
23,0.7232421636581421,0.40312501788139343,0.041723000040992365
23,0.863764659030298,0.059135052775871014,0.03460479507619133
23,0.835742175579071,0.6031250357627869,0.04137269032700631
23,0.8076171875,0.15312500298023224,0.03787363100672792
23,0.6107422113418579,0.203125,0.0456258784392291
24,0.8659402336230588,0.059899403719848594,0.03446240158473244
24,0.8659402336230588,0.05989947822029686,0.03446241677650429
24,0.866812008753851,0.05875726725288273,0.03438163580639856
24,0.868581165248929,0.05896610068844981,0.03463163208099897
24,0.8679333918915014,0.05668278153521503,0.03455649167151791
24,0.8667010903937018,0.05732714416094848,0.0345668104979323
24,0.8667010903937018,0.0590018544466345,0.034616893696115286
24,0.866812008753851,0.06029705304328627,0.03440040280003721
24,0.8606012927010346,0.05901391057848228,0.03465432096850026
24,0.8650517572750821,0.05826780296352499,0.03450278958359696
24,0.8666516143179492,0.05988705184497618,0.03447153089404396
24,0.7794921398162842,0.3031249940395355,0.04029157036436025
24,0.554492175579071,0.703125,0.053244522351545094
24,0.8666926697364031,0.05896797522626054,0.03462706783614628
24,0.8919922113418579,0.503125011920929,0.04257609221257569
25,0.6529296636581421,0.528124988079071,0.04500130087032411
25,0.8686300819836531,0.058757764942548425,0.0345533707085165
25,0.8740061372880388,0.05563182474476336,0.03480949687761881
25,0.8779296875,0.12812499701976776,0.038799016530176075
25,0.8691157065507265,0.05925562402497592,0.03460814851782453
25,0.8702060023709037,0.05609697946543596,0.034662722565514406
25,0.9341796636581421,0.4281249940395355,0.04428868730820348
25,0.8700371245532322,0.05416427643217082,0.034388448569912855
25,0.765429675579071,0.7281250357627869,0.041017029620843005
25,0.8678031713062544,0.05883948404748421,0.03455756739086633
25,0.709179699420929,0.02812500111758709,0.04005856262387348
25,0.5404297113418579,0.328125,0.0539771857602172
25,0.8683106146013374,0.0587562659289032,0.034552368541309865
25,0.868560446020272,0.05875601111519399,0.03455532383614962
25,0.8686300819836531,0.058757276111212196,0.03455338753497609
26,0.8216797113418579,0.22812500596046448,0.040077088531126605
26,0.8694001397040138,0.05891667222291323,0.03465678398709895
26,0.5966796875,0.628125011920929,0.048769375097925526
26,0.8619208381194253,0.05846339233329473,0.03447123053909988
26,0.8659539430532888,0.05887769581252513,0.034652380819141945
26,0.8624919883728721,0.05891721173701135,0.034504555163606745
26,0.8686335338805304,0.05903171706323318,0.03462006021820597
26,0.8664794605590347,0.05892443450874743,0.03463994998081556
26,0.8617694241074149,0.05888505304188419,0.03452258905468455
26,0.8544379566583233,0.058892272174020675,0.03461724679875442
26,0.8659115298783194,0.058883296475226915,0.034662229282091644
26,0.8664094769528544,0.05891542614398904,0.03464268195891462
26,0.8589868363509793,0.05883540765620819,0.03454855782770706
26,0.8642107908484908,0.056627941370270926,0.03460714922693158
26,0.8617694241074149,0.05895763524198278,0.03466253896031018
27,0.568554699420929,0.17812500894069672,0.04869514325075979
27,0.624804675579071,0.27812501788139343,0.04645236664316061
27,0.8637290287128429,0.058797895337567053,0.03441322869250926
27,0.867711843009316,0.05941572734958676,0.03461105974426423
27,0.8640020649362504,0.059822224378698635,0.03451326258518155
27,0.8668566996774567,0.05949049402912157,0.034597902283223035
27,0.7373046875,0.078125,0.03677883901402061
27,0.906054675579071,0.37812501192092896,0.04283529628476971
27,0.8498046398162842,0.6781250238418579,0.04166104346570559
27,0.8623400701423721,0.05941953868440887,0.034557201474517206
27,0.8651815126492592,0.05689502884707514,0.034683868158501836
27,0.7935546636581421,0.578125,0.04084833523128863
27,0.8679258499996546,0.05920384866029992,0.03458006445459686
27,0.6810547113418579,0.778124988079071,0.043999499553398096
27,0.5123046636581421,0.4781250059604645,0.056864408371516316
28,0.9499298384777415,5.797692473867915e-09,0.044056565119755885
28,0.864271249793112,0.05399506676236027,0.034449371129322885
28,0.8486496413302975,0.05399506676236027,0.034639749812562036
28,0.9499738044946876,0.0391106507673835,0.03708260127092294
28,0.9499165740964616,2.387868611956114e-08,0.04405602312790218
28,0.9360297392604615,0.06696117454200683,0.0375569253068309
28,0.9101651679024676,0.06684650487470313,0.036107117855220645
28,0.948296128561174,0.039678600241704,0.036744549331503805
28,0.9496383839687024,2.3545458306618063e-08,0.04408056231582891
28,0.8824209593125862,0.06683645161115306,0.0352175572818348
28,0.8645040808798946,0.06683645161115306,0.034784026723336164
28,0.8514014696881347,0.05399506676236027,0.03465263368033524
28,0.9494773908455789,0.06700093805239929,0.038088179193468984
28,0.9498363986172658,0.039381953090868414,0.036980617005603435
28,0.936094304492567,0.0666166916030456,0.03735222458639491
29,0.8462890386581421,0.359375,0.041252142173383945
29,0.8638826188060968,0.058085924428076204,0.03452669417805682
29,0.5087890625,0.15937499701976776,0.0579364583472428
29,0.7337890863418579,0.559374988079071,0.04146140225514227
29,0.8593734727266291,0.05897773165098429,0.034489381381736996
29,0.8671647847296813,0.05898974254570322,0.03462797724261598
29,0.621289074420929,0.7593750357627869,0.04765970531223287
29,0.677539050579071,0.2593750059604645,0.04300270564002389
29,0.8660919275724066,0.058640349273755714,0.0344054715841997
29,0.8517071557789622,0.05822958563240326,0.0346053091096042
29,0.8621922882042001,0.05898984565370212,0.03465323212633536
29,0.9025390148162842,0.659375011920929,0.042916509762497446
29,0.8591958547190336,0.05897524900454942,0.034492247465468605
29,0.8595489149020057,0.05897524900454942,0.03449056496803459
29,0.862111518458092,0.05898075258711296,0.0346597818292001
30,0.8754019856130677,0.04743228887113394,0.034862042803172
30,0.8738718834007166,0.05397741209200793,0.03439081531898069
30,0.8295421697691724,0.04733287335897484,0.03559406332529984
30,0.9498137905686108,0.04615826023259923,0.036532675423096496
30,0.9491167614821234,3.9289459743709406e-08,0.04410020971884193
30,0.869984416073034,0.05397741209200793,0.03441061314813025
30,0.9499238373007839,0.04644590241752948,0.0368934819952753
30,0.9499497737574408,0.04611347623102038,0.03653675468706812
30,0.8289909004237846,0.04733287335897484,0.03560372909941008
30,0.8811350131573449,0.05309378224822494,0.03452096594862366
30,0.8751774794546441,0.047352050544524564,0.03490269551732603
30,0.8533877097554671,0.04728185276409119,0.03510938141333219
30,0.949917956181109,3.8042139922307606e-08,0.044056076424650516
30,0.9499523607136359,3.8042139922307606e-08,0.04405749339757646
30,0.7919445923502954,0.04612615535959933,0.03612951106424504
31,0.9306640625,0.109375,0.04101063527572187
31,0.8658826997427387,0.059472264111156914,0.03457633085576626
31,0.8667378707774789,0.05826902285206573,0.03446794753389013
31,0.8644915303498915,0.058754210221552805,0.034424534966285884
31,0.5650390386581421,0.4593749940395355,0.05121181823932498
31,0.8646945755957721,0.05995617840209124,0.034488251365969384
31,0.866811990737915,0.057564656964774044,0.03460018016829465
31,0.5931640863418579,0.30937501788139343,0.04870334867594283
31,0.818164050579071,0.7093750238418579,0.04126772384165663
31,0.8638646611829772,0.0586988949030024,0.034430065790107926
31,0.7900390625,0.05937499925494194,0.03536865668312126
31,0.866362525387946,0.057199489305963705,0.03459329728378119
31,0.8631487072530192,0.05888428201573413,0.03451613658771139
31,0.8575879211267872,0.058569521841901,0.03450971222451323
31,0.8645316051254505,0.05504571445100313,0.034809598688934046
32,0.6494140625,0.00937500037252903,0.04493147731095295
32,0.8574812693072532,0.05771207032706021,0.03460876625239512
32,0.8656943656651435,0.05769637036374243,0.03461197716764412
32,0.7619140148162842,0.20937500894069672,0.0392716503551583
32,0.536914050579071,0.609375,0.054501378353433584
32,0.8744140863418579,0.40937501192092896,0.04190471112031435
32,0.550976574420929,0.234375,0.05188996170895677
32,0.8646229311175513,0.05847567035482575,0.03447292807643697
32,0.7056640386581421,0.5093750357627869,0.042337651998750725
32,0.866978815863733,0.058883499880663874,0.03465805641015391
32,0.8636859856738425,0.05849947840960799,0.03446239433222441
32,0.8602925809409113,0.06037738567180216,0.03439746640787284
32,0.866978815863733,0.058892931430044926,0.034662029134481444
32,0.8657357417010293,0.05773539234585241,0.03461633426297175
32,0.8656943656651435,0.05899702697458454,0.03461109271245759
33,0.9492654566859144,0.0012252440280625,0.04415390063180097
33,0.8737146722218144,0.05391682128255246,0.03440583785734697
33,0.9495543289552506,0.0012479797292215418,0.04416803068820383
33,0.9061545810557201,0.05356895662592965,0.0351849486022525
33,0.9497688444799467,0.001193037487584808,0.044182278426960306
33,0.869937184281242,0.05394921989241225,0.03441000114065416
33,0.9015396210848965,0.053548127540535055,0.03459200986610539
33,0.9018812331104542,0.05353882988601571,0.03461511187202599
33,0.8637272792820231,0.06021561854951966,0.03442998146616838
33,0.870660647828795,0.05391650286667088,0.03441939485075555
33,0.9499610429064965,0.0012929547606171017,0.044186418747556806
33,0.9499702440421356,0.0012929547606171017,0.04418689691771951
33,0.8728093757384167,0.05390702563722187,0.03443571698431851
33,0.8847749935756783,0.053912836712586905,0.03446072304812364
33,0.8731677837979751,0.05358636438299421,0.0344806090744898
34,0.8312658501334307,0.06817384444880023,0.03480972669045777
34,0.8264349483617993,0.06850574075421091,0.03500155066398818
34,0.8420524141582819,0.067858825606523,0.03504839197028064
34,0.8323827783053297,0.06809175495143033,0.03481486894405821
34,0.825817208220322,0.06831817025027832,0.03484043340613806
34,0.8400742682793437,0.0684375467952796,0.034995733100732944
34,0.8395727592633552,0.0678453314422068,0.03484155101990038
34,0.8828784996875243,0.05335423944327007,0.03453274187645298
34,0.8904627803342963,0.05343234500903708,0.034340516009894004
34,0.949999413854998,0.008734127196934388,0.042345062385344356
34,0.9496895728126556,0.009729642667097499,0.042265023229803696
34,0.8254930565436146,0.06818879522223309,0.03485045874814578
34,0.9499539414556121,0.008560015224536161,0.042326328175324064
34,0.9499997513158097,0.00863167153804484,0.042322803961838275
34,0.8739704185724947,0.05376614713885922,0.034424634490216245
35,0.9499848585165096,0.016971533974121128,0.04053511778828813
35,0.8671602945887592,0.07402070038805736,0.03536423641044768
35,0.8761918855593627,0.07425794787260478,0.035431127888325066
35,0.949996161006435,0.01628657099845438,0.04063495408052389
35,0.8719283560071672,0.07400914495643725,0.03544623528630408
35,0.8655448235655625,0.07428666147001699,0.03534689002488418
35,0.9499974084493935,0.0160914923597508,0.040920373072051264
35,0.9499934326653005,0.01628657099845438,0.040634537824588715
35,0.8764877644569058,0.07437615946739062,0.03541971084552859
35,0.9499988393961413,0.01674862577307084,0.04061143832132331
35,0.9499724064622572,0.01674203062914886,0.040618207858782576
35,0.8729322037905154,0.05397595093527887,0.034423321995657334
35,0.8879195142807198,0.05377907411479679,0.03448790457148561
35,0.8756967283236543,0.05410174261080158,0.03444068021000331
35,0.9492861081484713,0.016823241111486892,0.04065109145794473
36,0.5022447447063896,0.0030494101801356024,0.06368199317698056
36,0.9110260015372066,0.0919013155974287,0.03831923962792238
36,0.9130047239175886,0.09196229991498275,0.03853642147296142
36,0.8928972735799642,0.053432345390319824,0.034405655420745467
36,0.9382103267360604,0.08764037439921683,0.03955934356298908
36,0.8933454659906714,0.06293009605207443,0.03505547001989263
36,0.8893444463806348,0.09170184096710127,0.03742287194988246
36,0.8891559675836546,0.053432345390319824,0.034318512356904994
36,0.9469962432674652,0.08817067093967551,0.04038967518750679
36,0.9025113321440504,0.09019845176485902,0.037781463724701404
36,0.5064826727294002,0.0030960103326086712,0.0631273781352311
36,0.9272135765791524,0.0903182431246206,0.03906913607990364
36,0.9273144617467374,0.0887614834760208,0.038983227883588135
36,0.8904128679138095,0.09023617827906896,0.03730271995112832
36,0.9301178265450165,0.09132309502817323,0.039372650675665956
37,0.8869775353178337,0.053439882211841185,0.03440359562614275
37,0.9499925029358766,0.03387523513354989,0.03830757408546042
37,0.9460582048092576,0.03418419277344462,0.03803367020919934
37,0.8234531734357493,0.06331618597474414,0.0347362554195236
37,0.8868768353006222,0.05342808660706666,0.03438896385281819
37,0.888896418748291,0.05360884071028814,0.03445780908378166
37,0.8165998847344207,0.06221449282614892,0.03466757347208371
37,0.9494440988540648,0.03400543513811697,0.0381395462306001
37,0.8065147580540504,0.04331565506816274,0.036018622765946126
37,0.9497017462237431,0.0054566094955323125,0.04367246274525231
37,0.8232844332720892,0.06222324620317296,0.03467109251556289
37,0.9383122257958092,0.03387523513354989,0.037748587591122915
37,0.8073145091203092,0.06358835169097678,0.03468619769200772
37,0.8229666253994987,0.04341811280212091,0.035868443870583966
37,0.8158669648924599,0.06246322159321116,0.03462557521128506
38,0.8629439378799976,0.037318242856457615,0.03631995831633703
38,0.8886995716974114,0.05348000610497651,0.03435174374774066
38,0.8670641464121502,0.037318242856457615,0.03626438143288253
38,0.8053560896742554,0.0657468718937679,0.034855356595118195
38,0.880672396578663,0.037415274033010475,0.036236659101919255
38,0.8027082827929397,0.0662912462175537,0.03483363855139401
38,0.8705408716952229,0.037414192503145725,0.03618488443790915
38,0.8918985411740115,0.05320469822372908,0.03440678985148241
38,0.8068822689888647,0.06613346482069551,0.034816559020468076
38,0.8589128666872218,0.06023575012919274,0.03442095533597443
38,0.794466900856572,0.0661408815967678,0.03502239879453068
38,0.8670328598005063,0.0377273798129341,0.036146177135397854
38,0.7985928473849186,0.06560765936957137,0.03498636154985264
38,0.8715615992910213,0.06023575012919274,0.034445246538636516
38,0.79940847253263,0.06642083689922938,0.03486830587136053
39,0.8778398676085335,0.020716987914181296,0.038760091926685725
39,0.8891683110858604,0.05343696663050362,0.034317036731939296
39,0.9495866949529815,0.059509861244726715,0.037447515247605194
39,0.9227799841854322,0.059391043009583415,0.03596719463083615
39,0.8936811784956692,0.05350908848827582,0.03441425254447489
39,0.8819062687465618,0.020872757628548323,0.03865755382272545
39,0.8668580619675023,0.020716987914181296,0.0387282161365878
39,0.8885018560283082,0.053446958569855874,0.034372414373657026
39,0.9497531313519453,0.059507489153066105,0.03745672190592032
39,0.9499910220790817,0.05928061976470036,0.03751480312821853
39,0.9496864962584317,0.059507489153066105,0.03745210844576052
39,0.9306814702202809,0.05942546795370855,0.03644116606972064
39,0.9223707583086209,0.05942010249217079,0.036024347313811524
39,0.9268565803036328,0.05968627180501084,0.03618453528165748
39,0.8877760709001118,0.05343089101374063,0.034420560154522266
40,0.5120330046649849,0.022911609114286247,0.060785416254361256
40,0.5008294780568636,0.022526973652091806,0.06244004173036323
40,0.500212146564909,0.022911609114286247,0.06274832542628554
40,0.8135652937514642,0.05131435193155703,0.0352587674917945
40,0.8300769599330518,0.05098737376690686,0.03525534782159636
40,0.8891683220863342,0.053469201810006285,0.03431563473957605
40,0.8144522375071943,0.05141550292037562,0.035241930817508364
40,0.5047927210261557,0.022455860609009205,0.061677914006630884
40,0.8173467854666153,0.0515236474450046,0.0352189803356038
40,0.8019722367891405,0.051309568180241315,0.03559309737109385
40,0.8118883700885877,0.05139087190630079,0.035259753450307414
40,0.8908264163859756,0.0533989940313151,0.034347263956475325
40,0.8118521484929792,0.05090918270949454,0.035558352385066126
40,0.8162738259871761,0.05130142338079455,0.03524817320507185
40,0.8144522375071943,0.05127653458886372,0.03525972804678507
41,0.8280374497876872,0.07730924796388786,0.03523458000510156
41,0.8208171231305924,0.07764199196593546,0.0352584692506682
41,0.8888978860134407,0.052722696229933676,0.034442841062823436
41,0.8429676400599717,0.03133818777521972,0.037132825444418864
41,0.6634765863418579,0.43437501788139343,0.04447002617448292
41,0.8886924434973149,0.053469203412532806,0.03434317354601865
41,0.8503515573546869,0.03121592607050576,0.03718916864199373
41,0.8902353171888271,0.05347236804359495,0.034332356726470684
41,0.8888600310331557,0.053469203412532806,0.03434203639124121
41,0.7759765386581421,0.6343750357627869,0.040878804606195494
41,0.8884586799057823,0.053474746866628786,0.03435792796845103
41,0.8884586799057823,0.05323567995186348,0.03456202305215967
41,0.888476550579071,0.03437500074505806,0.03661218425328184
41,0.8384405168973006,0.0773643304399707,0.035318684779223716
41,0.8472916045704125,0.03097906555454965,0.037288583194613055
42,0.9497369225658185,0.07621808550645436,0.039238986049903654
42,0.8878138505681712,0.05342933903947318,0.034419486115855207
42,0.948220111479282,0.0768173626939173,0.039171928642333174
42,0.8918416104708923,0.05330120305109257,0.03439484430314362
42,0.8126479924556707,0.07201800576080213,0.034972459162215315
42,0.9499764710646046,0.07697664705807397,0.03910020584694398
42,0.8897078269953916,0.053426851710949824,0.03433393272188725
42,0.9498844702968781,0.0768173626939173,0.03931545239940126
42,0.8177598702088033,0.07275588482073496,0.03505353188994481
42,0.9497749458861197,0.0768173626939173,0.039306805549121526
42,0.8064827152211516,0.07276091736656955,0.034896911978860544
42,0.8032500898256038,0.08203076623429748,0.035433840465203884
42,0.8181631296158894,0.07195078610870556,0.034919266674407826
42,0.8910874165685609,0.05342933903947318,0.03436315721156839
42,0.889271892553524,0.05331304464825546,0.034344513089916894
43,0.5064604257703663,0.04449310761003471,0.06041670692299651
43,0.8901898772803228,0.053443793881465265,0.03432853151437651
43,0.5326681712211022,0.04423229579289836,0.056147033417137726
43,0.5130709564643178,0.04421359568726711,0.05916816305619778
43,0.5381743988885895,0.04449310761003471,0.0552574535289665
43,0.8924913236337207,0.053259536299614725,0.03443060465217269
43,0.8028806679448766,0.054575218957299526,0.03514024606871257
43,0.8902038581652021,0.053443793881465265,0.03432873065066146
43,0.8028456687505618,0.054890053717076406,0.03505516981430456
43,0.5769559285721869,0.04372827439938658,0.04967264623253421
43,0.799042304903246,0.054709325246886376,0.0352000385058691
43,0.8923854563309218,0.05349859639281658,0.034385979865750836
43,0.5123341993095979,0.04449310761003471,0.059773440847337225
43,0.5246778348623844,0.04419903889939351,0.05751295520198369
43,0.5464762820199266,0.04417928019289495,0.054005072049090184
44,0.855727538546866,0.02668083598930665,0.03739358081188119
44,0.8558949327072837,0.026587492473945804,0.037429899469802644
44,0.889471165614809,0.05350596574019045,0.034319204375164565
44,0.8512694165738975,0.026558138883720012,0.03741715812008788
44,0.889227124778998,0.05348995390039914,0.03433389021481338
44,0.8886180117816074,0.05350492532415805,0.03434418942099717
44,0.88988105544354,0.05348994774370107,0.034334690344912454
44,0.8464155373469799,0.02664440285825163,0.03737620508239169
44,0.8519910629268204,0.02668083598930665,0.03735804294935795
44,0.8584319996545835,0.02658112737368512,0.037391245615530824
44,0.852601014028843,0.026546543429438213,0.0374079463700018
44,0.9447265863418579,0.534375011920929,0.04502966150959982
44,0.8580633222973225,0.02664440285825163,0.03740913973234695
44,0.8500219450394594,0.026137696909798096,0.03736902986230195
44,0.7197265625,0.13437500596046448,0.03812587395844003
45,0.8223210018982953,0.10628834666891893,0.03722090251219801
45,0.8891935980178429,0.05344893452907104,0.03433046847018774
45,0.8887517853125945,0.05343983832799683,0.03434892753454604
45,0.8305251046458528,0.10642247325071862,0.03737969563249506
45,0.8254706433379551,0.10641159466503869,0.037288573225253606
45,0.8300526546957917,0.10642552967198392,0.03736657256030347
45,0.8264102791921829,0.10693366492149925,0.03734374679765049
45,0.824955334112752,0.10640761052537154,0.03728184317952548
45,0.8254474792632134,0.1063401353669295,0.03728392129913542
45,0.8880670888922432,0.053444320051412746,0.034435630128536
45,0.8264264920432826,0.10593956448751049,0.03728962036965882
45,0.824955334112752,0.1064069186761553,0.03728180426594695
45,0.8908393469622821,0.05360332202412734,0.03451066682328687
45,0.8885443074548693,0.053345337934635376,0.034377271855495405
45,0.8913177959507999,0.05332069693477818,0.03437565194801414
46,0.747851550579071,0.18437500298023224,0.038782050592229424
46,0.9166015386581421,0.28437501192092896,0.04291273637313586
46,0.890893914217759,0.05346180350041142,0.034351570929216375
46,0.8603515625,0.784375011920929,0.041950663977741436
46,0.8322265148162842,0.3343749940395355,0.04093666420986857
46,0.8869915505708424,0.053595808948314616,0.03449517675062451
46,0.607226550579071,0.734375,0.04814089926240467
46,0.8925544945052886,0.053469203412532806,0.03439798741182141
46,0.5791015625,0.08437500149011612,0.048953271302486785
46,0.691601574420929,0.684374988079071,0.043260127323605006
46,0.8877733615709009,0.05343566484932233,0.034425060873907724
46,0.8872088144148812,0.05347599270520122,0.0343987409983185
46,0.6353515386581421,0.3843750059604645,0.04616377337127143
46,0.8876509402227515,0.053417658152249595,0.03442115993498385
46,0.8041015863418579,0.484375,0.04096524215786707
47,0.8894532843529461,0.05347592423584068,0.034317528373286124
47,0.7408202886581421,0.7718750238418579,0.04162299160044195
47,0.853320300579071,0.171875,0.03912968049068977
47,0.5228515863418579,0.5843750238418579,0.056048496038255735
47,0.8896281850721118,0.05347460839644439,0.03431957938048926
47,0.8905716844702902,0.05331982536337414,0.03437301121791742
47,0.8896623208775477,0.05347472254570461,0.03432002319900497
47,0.8894210256972648,0.05347839190093608,0.0343190296954493
47,0.6283203363418579,0.5718750357627869,0.04674590999295538
47,0.8893422650136334,0.05330839739873934,0.03435684669094004
47,0.8893440695500866,0.05344707716925434,0.034327935260700326
47,0.8893531270691633,0.05344887042639164,0.03433038482918161
47,0.515820324420929,0.37187501788139343,0.05690700922235544
47,0.8896281850721118,0.05347472254570461,0.034319543301194556
47,0.8896246248912646,0.053315900845254956,0.03434699486833869
48,0.6001952886581421,0.12187500298023224,0.045493087866299485
48,0.889146763205824,0.05347514623802146,0.03431496998861432
48,0.9095703363418579,0.47187501192092896,0.04314937434494428
48,0.6845703125,0.07187499850988388,0.03980425940440403
48,0.8901418442920964,0.053476081933190076,0.03432738568623751
48,0.8896383400072416,0.05335339299473438,0.03434026134427494
48,0.8898850784764175,0.05345014157313266,0.034333260207610204
48,0.8901052324069136,0.05346440349037382,0.034356103986237625
48,0.8917774988880612,0.05345014157313266,0.03437755738312586
48,0.572070300579071,0.671875,0.05120902446968285
48,0.8892787568072666,0.05335124981878967,0.03433614592006702
48,0.8891747157472869,0.05347224002051428,0.0343144653274885
48,0.8903247164982607,0.053415451622063806,0.0343397036844284
48,0.7970702648162842,0.2718749940395355,0.04017759766946889
48,0.8889325081668688,0.05346920320987136,0.03434292309975298
49,0.8885846511779824,0.05350802562707159,0.03434634040487411
49,0.8814452886581421,0.621874988079071,0.042281662414639286
49,0.8673827648162842,0.24687500298023224,0.041040654626889286
49,0.712695300579071,0.721875011920929,0.04243030288220779
49,0.8898209654533018,0.0534236619956581,0.034353754574374715
49,0.8251953125,0.5218750238418579,0.041182226566386614
49,0.7689453363418579,0.02187499962747097,0.0396756458329211
49,0.9376952648162842,0.3218750059604645,0.0441970012327611
49,0.8183505806171918,0.0161592465029617,0.03915591252076838
49,0.656445324420929,0.22187499701976776,0.04342372145019125
49,0.8896118599448017,0.053423661375352385,0.03435415463896583
49,0.5439453125,0.421875,0.05394021766098509
49,0.7548828125,0.4468750059604645,0.040968505048030644
49,0.8892222953983391,0.05347136678899724,0.034315269286835835
49,0.5298827886581421,0.046875,0.05635461380327938
50,0.505241113686181,0.006517361451752635,0.06297363552796496
50,0.5119752006695043,0.0066071840783987435,0.06176701848486033
50,0.8880205774755813,0.05346075809116788,0.03441807457192569
50,0.5000593467281815,0.006520257347321375,0.06404337386907005
50,0.8892717527989815,0.05351758017166072,0.03431637309829424
50,0.5000887737388959,0.006520257347321375,0.06403795037345053
50,0.8909545331568275,0.053459210161130706,0.034348056680551894
50,0.8911223785595938,0.0534592406608614,0.03434881257872692
50,0.5060916480005369,0.006423073409694838,0.06286396228566205
50,0.8879057677709025,0.05345947520877467,0.03441740182619753
50,0.504522927643409,0.006518284497447141,0.06310012600870026
50,0.8904878500528581,0.053459244692050954,0.03434593327439112
50,0.8888813651891323,0.05351758017166072,0.034346024220168726
50,0.5006307774486971,0.006520257347321375,0.06393828111356091
50,0.5022388801254004,0.006523074645069087,0.06364134183791678
51,0.783007800579071,0.6968750357627869,0.040963636510886844
51,0.586132824420929,0.546875,0.04950076448193844
51,0.8392578363418579,0.596875011920929,0.04141848186143054
51,0.923632800579071,0.746874988079071,0.043804297103673555
51,0.5580078363418579,0.296875,0.051977554746930874
51,0.6986328363418579,0.34687501192092896,0.04259685817434376
51,0.8865126312915281,0.05348370268599331,0.03437843024245178
51,0.8931020681441685,0.05347852588898179,0.034417754546219016
51,0.8955078125,0.09687500447034836,0.038127313510376314
51,0.8111327886581421,0.14687500894069672,0.03776957163780566
51,0.8929712484159249,0.05350747865390067,0.03440332101274926
51,0.642382800579071,0.6468750238418579,0.045887967722268205
51,0.8915534155191467,0.053483706743953606,0.034348677173633026
51,0.6705077886581421,0.49687501788139343,0.04392580331170424
51,0.6142578125,0.19687500596046448,0.04548356706467144
52,0.67138671875,0.09843750298023224,0.040261116599322584
52,0.502636730670929,0.3984375,0.05869036468260854
52,0.501757800579071,0.796875,0.05994827594002563
52,0.8894221971565492,0.05339569436439919,0.03432483456731893
52,0.7276366949081421,0.7984375357627869,0.04205975702333693
52,0.8894523642431243,0.05343953140407326,0.03432032927787677
52,0.8894077868821583,0.05339065570155145,0.03433009242996519
52,0.889447777970067,0.05347230916672978,0.03431791007800637
52,0.8895893031464168,0.0534750105558133,0.034318942302592394
52,0.726757824420929,0.3968749940395355,0.04161486352967767
52,0.8892106366240942,0.05347223952412605,0.03431488004281228
52,0.889422918589253,0.05347223952412605,0.034317586893524495
52,0.6151367425918579,0.598437488079071,0.04772618278554442
52,0.840136706829071,0.19843749701976776,0.039633806706747175
52,0.8911508945638895,0.053438719219322174,0.03434802839035093
53,0.9245116710662842,0.34843751788139343,0.04344693743330025
53,0.8928379041483956,0.05350527873127622,0.03439914850703029
53,0.8894397457733371,0.0534628097480121,0.03432870109042102
53,0.558886706829071,0.698437511920929,0.05263332874801654
53,0.8911449002809003,0.05343835597594216,0.03434840658456071
53,0.7838866710662842,0.2984375059604645,0.04025824941771975
53,0.8883930670077947,0.0534128859114248,0.03439079853135927
53,0.8963867425918579,0.4984374940395355,0.04273321119426944
53,0.643261730670929,0.24843750894069672,0.044817593330990946
53,0.81201171875,0.5484375357627869,0.04099475924700646
53,0.8892606114433388,0.053414100384075416,0.03433885016651921
53,0.890851304085564,0.05341860942706651,0.03434652129062772
53,0.8902056376034045,0.053407843696266194,0.03433388806907208
53,0.699511706829071,0.7484375238418579,0.043051108031784836
53,0.5870116949081421,0.1484375,0.0466024654813355
54,0.8896045607362411,0.053477524969865894,0.03431925419371179
54,0.8893013164661815,0.053477524969865894,0.03431769818806293
54,0.8891281634240522,0.0534716255881897,0.03431407303507976
54,0.8895983237023035,0.0534022783455594,0.0343253578309763
54,0.7557617425918579,0.04843750223517418,0.03683385488703901
54,0.8682616949081421,0.6484375,0.042031171404848154
54,0.88232421875,0.22343750298023224,0.041193373643435074
54,0.53076171875,0.44843751192092896,0.05466016738786263
54,0.769824206829071,0.4234375059604645,0.04071451919525542
54,0.8891746997833252,0.053464415992542945,0.03432046697960472
54,0.8895688536717661,0.05346718355925192,0.03432464695132666
54,0.8909712546345698,0.05345469670903572,0.03434250384446618
54,0.889190194366248,0.05347208695919471,0.034314678453352496
54,0.5448242425918579,0.0234375,0.055073274776591866
54,0.8895959907062193,0.05346727009459756,0.03432509799355055
55,0.572949230670929,0.2734375,0.0504032207553653
55,0.889405914584924,0.05345073272145177,0.034333138989848626
55,0.8891281485557556,0.053491137789390936,0.034336088292535864
55,0.713574230670929,0.32343751192092896,0.04184137518214793
55,0.6573241949081421,0.6234375238418579,0.04491157796778764
55,0.8902563722568482,0.053469302277974994,0.03433742961472786
55,0.9385741949081421,0.723437488079071,0.04471595195485568
55,0.8260742425918579,0.12343750149011612,0.03754099470360789
55,0.60107421875,0.5234375,0.048118411737993826
55,0.8894480482582562,0.05347221989517758,0.03431795639834193
55,0.8891874704881375,0.053470991810850924,0.03431497273295595
55,0.8892983830563834,0.05347183072336714,0.03431607586798429
55,0.8904707670803692,0.05345073272145177,0.03433430912556539
55,0.8894265738888973,0.053322767554279824,0.03433395899043566
55,0.8894570577373884,0.053475357103912,0.03431728577015734
56,0.8885379881249027,0.05344266528100177,0.03436541234537779
56,0.8917902868343893,0.053471729642308376,0.03439755829561918
56,0.8885374881170653,0.05344337490459311,0.034366504419962786
56,0.8898298824945333,0.05344575971348789,0.034327967936841626
56,0.8898648713034315,0.0534428777613463,0.03432549514215915
56,0.8892401282966174,0.053513568514790104,0.03431279316086086
56,0.8912181714746137,0.0535032812277679,0.03435800232060587
56,0.910449206829071,0.07343750447034836,0.03642018385277486
56,0.8887566638872779,0.05345899739703585,0.03435289231871646
56,0.8912343428430836,0.053470951034513,0.034368536579160266
56,0.8891252283068787,0.05347052532197959,0.03431437622648175
56,0.8881568259891208,0.05347139634536697,0.03439366940887289
56,0.8902576504106169,0.053458976057993206,0.03434711537646894
56,0.8902034725559068,0.05345195291032632,0.034336614711530676
56,0.7979491949081421,0.6734375357627869,0.04099954346572786
57,0.6854492425918579,0.47343751788139343,0.043398558927575596
57,0.7968495298392512,0.034355869644936005,0.03693683744520263
57,0.8908510332207914,0.05342011157293124,0.0343484947360999
57,0.74169921875,0.3734374940395355,0.041156441856802874
57,0.7999800713393082,0.03455840447238075,0.03680702101872837
57,0.8890945443569089,0.053518084766062644,0.0343469806544565
57,0.7959205037530636,0.03460695401861191,0.03688337390910483
57,0.8906729565006462,0.05352504752496747,0.03433038084275629
57,0.523730456829071,0.18593750894069672,0.05520515615854427
57,0.8908789514211285,0.05342011157293124,0.034348667947373394
57,0.8541991710662842,0.573437511920929,0.04164531040603627
57,0.8905112661370511,0.05342476417262318,0.03435345412992254
57,0.629199206829071,0.17343750596046448,0.043828992552796035
57,0.8893307480933933,0.053420657498067375,0.034349055887350786
57,0.5166991949081421,0.7734375,0.057819045000830085
58,0.91748046875,0.6859375238418579,0.04365360899765312
58,0.63623046875,0.785937488079071,0.0466187841967507
58,0.8331054449081421,0.7359375357627869,0.04147356145636828
58,0.8906140048920583,0.05351356152895284,0.034332555191827534
58,0.7206054925918579,0.535937488079071,0.04184321545738069
58,0.608105480670929,0.3359375,0.047527808581724215
58,0.804980456829071,0.0859375,0.035711632865516645
58,0.6924804449081421,0.28593751788139343,0.04251820056122901
58,0.8612304925918579,0.38593751192092896,0.041663058917443756
58,0.748730480670929,0.5859375,0.0411622986404307
58,0.5799804925918579,0.4859375059604645,0.04986953805715443
58,0.664355456829071,0.03593749925494194,0.04194613267324745
58,0.889233419592358,0.0535118486553925,0.03431348915588989
58,0.945605456829071,0.13593749701976776,0.04238788940599268
58,0.8891870102757342,0.0535118486553925,0.034312433483243046
59,0.889635694097486,0.053502356857410574,0.03432781558283857
59,0.8900450634813956,0.053404088881319124,0.03433020467571467
59,0.8882604242868841,0.053404093863242234,0.034407757659547504
59,0.8900331806905291,0.05349797911607954,0.03434815840246825
59,0.77685546875,0.23593750596046448,0.0398151903835588
59,0.8897040292865546,0.053515960866012326,0.034318166628888265
59,0.5518554449081421,0.635937511920929,0.05324057558695537
59,0.8893554210662842,0.4359374940395355,0.04237291119097523
59,0.891518311737188,0.05351293401847959,0.03437685218936077
59,0.7627929449081421,0.6109375357627869,0.04091695789797771
59,0.537792980670929,0.2109375,0.052747624648388544
59,0.7762874597529908,0.062396697900176205,0.0354274575690384
59,0.875292956829071,0.010937499813735485,0.04039832419225877
59,0.8897121381836179,0.05351546498160151,0.03431839133172593
59,0.8896532851064359,0.053369214792135876,0.03433249104774535
60,0.8911332351415717,0.05336721133219104,0.03435155538675293
60,0.9315429925918579,0.510937511920929,0.044186288424362306
60,0.70654296875,0.11093749850988388,0.03856170954514714
60,0.56591796875,0.06093750149011612,0.050620813472097945
60,0.8905528706258611,0.05349279274555361,0.034338977884236004
60,0.8899634496918203,0.053492313377179926,0.03433844828358191
60,0.8908930212949343,0.053374464180747296,0.03434256424086435
60,0.8911421061094228,0.05348908215995697,0.034339038140393935
60,0.890340641359396,0.0535139309628525,0.03432596098846018
60,0.8896717474458066,0.053370111736780614,0.03433341487846323
60,0.7909179925918579,0.4609375,0.040788617188597595
60,0.8190429210662842,0.3109374940395355,0.04064353746652825
60,0.8909524951695914,0.053509124207990144,0.034366860722046345
60,0.6502929925918579,0.41093751788139343,0.045235912985184354
60,0.594042956829071,0.7109375,0.04921098030909452
61,0.9499983361842044,0.042901214567278946,0.03707612685219221
61,0.678417980670929,0.660937488079071,0.043830719824192406
61,0.9499977348760875,0.012669678690785289,0.041659395754972496
61,0.949996874630719,0.04273458499379397,0.037028762858213146
61,0.8898429108555128,0.05350745903750626,0.0343250221815555
61,0.9497341500077406,0.012845504016788585,0.041681376854393666
61,0.9499954888551473,0.042806435960861214,0.03702736520445414
61,0.9499988929564809,0.012619502289732068,0.04167552722013522
61,0.6221679449081421,0.3609375059604645,0.04707980920074671
61,0.9034179449081421,0.26093751192092896,0.04212123732701626
61,0.9499948899380959,0.04281682990306277,0.03703220225786856
61,0.84716796875,0.760937511920929,0.041773871358527837
61,0.8892307807611524,0.05355994194133709,0.034322319934500085
61,0.9499985498051379,0.012640838731496396,0.0417263174320293
61,0.8887221021923566,0.05350007803399396,0.034344429087005066
62,0.734667956829071,0.16093750298023224,0.03836023582847479
62,0.8892829597312999,0.05350977747610868,0.03431356269230869
62,0.79443359375,0.1796875,0.03841531133676841
62,0.5694335699081421,0.5796875357627869,0.051141647911621506
62,0.889608386147155,0.053511832309200945,0.034317244240100644
62,0.625683605670929,0.6796875,0.04711691416288672
62,0.5096679925918579,0.5609375238418579,0.05767950521913944
62,0.8905856662936967,0.05351191496612618,0.034333819324254736
62,0.9069335460662842,0.7796875238418579,0.04319618312652498
62,0.5975586175918579,0.22968749701976776,0.04740531777666
62,0.51318359375,0.07968749850988388,0.05910607982754324
62,0.7381836175918579,0.47968751192092896,0.04144263803609014
62,0.8905856662936967,0.053509920949400665,0.034336701127134224
62,0.8506835699081421,0.2796874940395355,0.04091157860789075
62,0.681933581829071,0.37968751788139343,0.04340462178467526
63,0.8788086175918579,0.5296875238418579,0.042121959823742464
63,0.541308581829071,0.729687511920929,0.05476551658517446
63,0.8910573924081008,0.05349256585627003,0.03434222325605509
63,0.8887892514137906,0.05350233808379532,0.034341230329527704
63,0.892871081829071,0.10468750447034836,0.038773519144872294
63,0.8898610469208947,0.053475987688513804,0.03432268935280047
63,0.93505859375,0.02968749962747097,0.038162787703593895
63,0.8900299546365157,0.05350233808379532,0.03435494616226053
63,0.7663085460662842,0.3296875059604645,0.040492601647629196
63,0.7100585699081421,0.4296875,0.04225072934614365
63,0.65380859375,0.12968750298023224,0.041044802164689705
63,0.6678711175918579,0.504687488079071,0.04406879547869697
63,0.555371105670929,0.3046875,0.05229901588958809
63,0.7803710699081421,0.7046875357627869,0.040945066528169406
63,0.822558581829071,0.629687488079071,0.0412683479687739
64,0.8910676401653689,0.05351184280078881,0.03434630389023297
64,0.695996105670929,0.754687488079071,0.0432195842383697
64,0.9491211175918579,0.4046874940395355,0.04498876892303488
64,0.72412109375,0.004687500186264515,0.04263456451128678
64,0.8901305508183922,0.053482869082478235,0.03432771704019729
64,0.890149028010385,0.0534821853099412,0.0343268111301751
64,0.8366210460662842,0.20468750596046448,0.03975551910475506
64,0.58349609375,0.15468750894069672,0.04697951088233813
64,0.891202848773613,0.053527070174609406,0.0343375762106058
64,0.9209960699081421,0.35468751192092896,0.043384293907247455
64,0.890149028010385,0.05351219419049693,0.03432602463130354
64,0.8891523055307882,0.053511844080132945,0.03431201474734212
64,0.8874950160598783,0.0535118468105793,0.03442092630465147
64,0.611621081829071,0.604687511920929,0.047439715388172675
64,0.8084961175918579,0.5546875,0.04097817796458333
65,0.889230313907241,0.05350691073133404,0.03431425086179115
65,0.752246081829071,0.0546875,0.03651522087859593
65,0.8907492025736614,0.053513339696302786,0.03433570582344737
65,0.6397460699081421,0.25468751788139343,0.04515370374012919
65,0.8897046324392271,0.053484631049601654,0.03432703983955474
65,0.8891509959655948,0.0534866903543963,0.034328718725339824
65,0.520214855670929,0.29218751192092896,0.05599243046140069
65,0.8903502347553199,0.053506772627349285,0.03433549218191652
65,0.8915934584310143,0.05343817030209647,0.034382485294564766
65,0.7452148199081421,0.692187488079071,0.04140710123549696
65,0.86474609375,0.6546875238418579,0.04197839892675582
65,0.8886183561073182,0.05345712153393385,0.03436245650037802
65,0.5272461175918579,0.4546875059604645,0.055085337816268884
65,0.8891522884368896,0.05352716291491956,0.034330126701777035
65,0.8885957189848883,0.05351372820658705,0.03434823260305523
66,0.68896484375,0.19218750298023224,0.04095714692577822
66,0.6045898199081421,0.04218750074505806,0.04681506656420536
66,0.857714831829071,0.09218750149011612,0.036655301972620645
66,0.660839855670929,0.3421874940395355,0.04442365713578723
66,0.8892979055563341,0.053354906685777054,0.03433115068389085
66,0.8882316112350012,0.05351181697962948,0.03439314044995189
66,0.82958984375,0.44218751788139343,0.041181401014105036
66,0.9420897960662842,0.2421875,0.04417588330171778
66,0.576464831829071,0.792187511920929,0.05130887642843694
66,0.890664265268821,0.053428734105688484,0.03436109512596751
66,0.6327148675918579,0.4921875,0.04619904236312328
66,0.717089831829071,0.6421875357627869,0.04214294284020292
66,0.8014647960662842,0.3921875059604645,0.040768685484755145
66,0.8893811049454344,0.05351124618853089,0.034314493092126294
66,0.9139648675918579,0.5921875238418579,0.04339687369958973
67,0.8051883828811601,0.001933859393889613,0.041584341560830365
67,0.8903151170551488,0.05351694293390673,0.03432389374185398
67,0.8043377755013391,0.002091130301177739,0.04152659069437087
67,0.8914134614605651,0.053511843085289,0.034374133058342145
67,0.8883172611060683,0.05351215306276333,0.03436140064449159
67,0.8895964668118943,0.0535124440265764,0.034316939632962
67,0.8887332848344748,0.05351215664827793,0.034339692746225586
67,0.8095815012468668,0.0020883099965835874,0.04155283402608213
67,0.8900783674438091,0.053512216556338095,0.03432502492951493
67,0.8912478881078112,0.05351695874864636,0.03434363615247147
67,0.7733398675918579,0.14218750596046448,0.037341468716917625
67,0.8900204573205975,0.05351184046561297,0.03432416911259407
67,0.89006398113683,0.053511803365278325,0.034325067545868025
67,0.8858398199081421,0.7421875,0.0425148090111901
67,0.8063485602141574,0.0020868027211683434,0.04154616778912747
68,0.7030273675918579,0.21718750894069672,0.04105334773278068
68,0.8888459730543171,0.0535139562000554,0.034341748027944034
68,0.8886397074606224,0.05352804209972587,0.03436873367452091
68,0.8895611091766429,0.053394383723784786,0.0343282854350381
68,0.888179367227945,0.05350680392634372,0.03438837000318778
68,0.8908598833525966,0.05350680392634372,0.03436194203678253
68,0.8155273199081421,0.01718750037252903,0.039074642970278926
68,0.8892610440404369,0.05350681240237659,0.03431472684615308
68,0.646777331829071,0.7171875238418579,0.04578671041188949
68,0.5342773199081421,0.1171875,0.05437387600709133
68,0.928027331829071,0.6171875,0.04397470209156246
68,0.75927734375,0.5171875357627869,0.0408547470299694
68,0.54833984375,0.542187511920929,0.053150845519570826
68,0.8717772960662842,0.31718751788139343,0.04147791685027389
68,0.8895890552351644,0.05340387809656437,0.034326604163462116
69,0.8894315745775897,0.05350954772273991,0.03431567791995843
69,0.8889431974045547,0.053449334469085744,0.03436181358151984
69,0.8895438801477343,0.05345578655030899,0.034341303211292626
69,0.889245552057342,0.053507214924321755,0.0343142081437895
69,0.8895244410470218,0.05350825463874885,0.03431798778546901
69,0.8899699901672642,0.05341898231909603,0.034345584856937734
69,0.787402331829071,0.7671875357627869,0.04105001989453374
69,0.8895222007535507,0.05350964867924325,0.0343170055726085
69,0.61865234375,0.06718750298023224,0.04541267435155551
69,0.89990234375,0.16718749701976776,0.04037083759946782
69,0.6749023199081421,0.567187488079071,0.04382764962194171
69,0.8896572054983074,0.053447506123728804,0.034329168541437347
69,0.5624023675918579,0.3671875,0.05174781580731979
69,0.8895244410470218,0.05351610927234652,0.034316097681787124
69,0.590527355670929,0.41718751192092896,0.04927363943633017
