iters,res,f,objs
0,0.725,0.4,0.036224088834218474
0,0.8375,0.2,0.035370019848512006
0,0.6125,0.6,0.042359633297187074
0,0.66875,0.3,0.04050740661210299
0,0.89374995,0.7,0.03707428192861423
0,0.78125,0.1,0.0342928790563214
0,0.55625,0.5,0.04812652392628957
0,0.584375,0.25,0.044922825400584364
0,0.809375,0.65000004,0.03615638642051849
0,0.921875,0.05,0.03876763842046764
0,0.696875,0.45000002,0.03894294945566288
0,0.640625,0.15,0.03891948306876536
0,0.865625,0.55,0.035667471099215066
0,0.75312495,0.35,0.03531956471317771
0,0.528125,0.75,0.05107553288668197
1,0.7826874078564273,0.01735337454349029,0.040113820146316766
1,0.7825586753218882,0.0017050989847277106,0.041414007296001774
1,0.879687488079071,0.17499999701976776,0.036311492927344
1,0.8234374523162842,0.2750000059604645,0.03607039274672314
1,0.6546875238418579,0.574999988079071,0.039902609383330956
1,0.9359375238418579,0.4749999940395355,0.040388074058542604
1,0.542187511920929,0.375,0.048892753620485715
1,0.7801053409315202,0.00020371464081404432,0.04147972792172712
1,0.7715067361157567,0.00020922507226885806,0.04157154068395539
1,0.7109375,0.07500000298023224,0.03693490164379139
1,0.7832428199462125,0.0009161441261430483,0.04151656711021678
1,0.7810462299529386,0.0018952394941543155,0.04141707792762357
1,0.7869773972560272,0.00034142388826306975,0.04145599715020072
1,0.783614698644331,0.0017050989847277106,0.04140968757295784
1,0.7671874761581421,0.7750000357627869,0.03547550815978834
2,0.776168108298064,0.11112922494864812,0.03407881073001582
2,0.8151023574970264,0.09141288051867817,0.03525960357091588
2,0.8188685654245801,0.09073459161985171,0.035313996533272676
2,0.7649542683047923,0.12743428871184503,0.034029615756798894
2,0.7763561451488701,0.11577015815631242,0.033939373606496674
2,0.7718760801047816,0.1157592516267646,0.03403971862820992
2,0.8269278135427839,0.10353521732327006,0.035117774618903634
2,0.7886583523563995,0.10337497230423018,0.0343374919488459
2,0.8153019193287233,0.06773905631705299,0.03582864006474971
2,0.788035600134077,0.10508987432232034,0.03426829711497231
2,0.769770182759516,0.11082560644021511,0.03420862759180037
2,0.7847008056822379,0.10637930215919862,0.0341603944405361
2,0.8178062596508064,0.10226865868721054,0.035019219173682135
2,0.8209252004784156,0.09853839562793447,0.03513023790799319
2,0.768846395852799,0.11989252708531048,0.033987647128601514
3,0.5000868160409693,3.4496888505805554e-05,0.0594443964723987
3,0.7736383547039416,0.1565700821364611,0.03425863413320023
3,0.7845328223296435,0.15164229385309527,0.03408916196928155
3,0.7712057302787326,0.12687571367968872,0.0339969569639454
3,0.7711522365367337,0.1291308828806119,0.034012696550940344
3,0.781603784974747,0.13725220978442915,0.03389855880774641
3,0.7719686909876072,0.14443854740042025,0.03412862897394484
3,0.7769040585701659,0.12751016559560205,0.03386250538183537
3,0.7711522365367337,0.12687571367968872,0.03399689063176268
3,0.5040103853504413,6.540826773126573e-06,0.05836573720850049
3,0.7782793222588019,0.16514530668492627,0.03431700409632336
3,0.7771441613268922,0.13605393313533234,0.03392558588542116
3,0.5005714646256557,3.5124050105718895e-05,0.05937135437334105
3,0.7684294832438846,0.16518809845758914,0.034468534212916555
3,0.5000804969439105,0.00045497731220882354,0.05907584950041993
4,0.7953125238418579,0.5250000357627869,0.03627317138964596
4,0.7793315491764888,0.12409600861730417,0.03381216816983871
4,0.7835217612025803,0.12781984451539163,0.03383245488140425
4,0.6265624761581421,0.22500000894069672,0.04097466451135532
4,0.7819388750343255,0.13474977620014003,0.03387621970296462
4,0.7823989538998052,0.12617806135013893,0.03381493105691814
4,0.598437488079071,0.675000011920929,0.04462525407945271
4,0.5703125,0.125,0.04617426439509816
4,0.7836840611765198,0.12136873153669579,0.03383361992206454
4,0.7804146006000438,0.13089384827703374,0.03384608103375846
4,0.7831773724709832,0.12220817773979988,0.03380291533313071
4,0.9078124761581421,0.32500001788139343,0.037653386694943836
4,0.7833464748677104,0.13323203527589272,0.033870440905323866
4,0.682812511920929,0.7250000238418579,0.03992837885006527
4,0.8515625,0.625,0.03531863204047742
5,0.5140625238418579,0.42500001192092896,0.053346752422550006
5,0.7882609999616803,0.12552349092229195,0.033905777683334075
5,0.7826504343242116,0.129252572962328,0.033834679645034865
5,0.7825657556164379,0.1236785785210565,0.033803690433536746
5,0.7838235921503869,0.12427596988086217,0.03381687132776871
5,0.739062488079071,0.02500000037252903,0.03989218042059989
5,0.74609375,0.612500011920929,0.03563855796717406
5,0.7844078204367163,0.12388492882859857,0.033822105778831955
5,0.7850274669763353,0.1259227458180297,0.03384075199241403
5,0.7830878611584209,0.12328625411352263,0.03380554721037136
5,0.7826492744876234,0.12299163545660946,0.03380129306720094
5,0.8585937023162842,0.012500000186264515,0.04073763575117888
5,0.7866623066047732,0.1254231381112326,0.03386645894741212
5,0.5210937261581421,0.21250000596046448,0.05237773719239745
5,0.7827165309102669,0.12976417858767633,0.03383852690380958
6,0.60546875,0.0625,0.04458007724671644
6,0.781208790613075,0.12384511005979672,0.03380226424229611
6,0.8304687738418579,0.4625000059604645,0.034781786499175175
6,0.7812625516149012,0.12355911704618922,0.03380101305196605
6,0.7813064156718222,0.12222404937876541,0.0337979754189216
6,0.633593738079071,0.4124999940395355,0.04089453355515527
6,0.7817442098996364,0.12204386898382891,0.033801182613687905
6,0.7811804893961054,0.1230134595335637,0.033798782609494475
6,0.8023437261581421,0.3125,0.036014584380895116
6,0.6898437738418579,0.11250000447034836,0.036828288764234
6,0.7802973602796622,0.12242343721093478,0.033798713236370424
6,0.783408279109374,0.12601862627163676,0.03382117812888266
6,0.7812212199685766,0.12701284343988722,0.03381833046785492
6,0.577343761920929,0.7125000357627869,0.04602163789931095
6,0.914843738079071,0.512499988079071,0.03829367647649716
7,0.9499477443438045,3.6500474682314285e-06,0.04550401594859218
7,0.7812173808936017,0.12222404778003693,0.03379807564522688
7,0.9499963932961353,1.5324616701096448e-05,0.04567541723850122
7,0.7812024808477276,0.12219607929605535,0.03379877409773317
7,0.9499891239350676,0.00010933709198525555,0.04484702117908836
7,0.7823805059916449,0.120982849538396,0.03382776405758762
7,0.949997863600526,1.6673549660941456e-08,0.046004438022018125
7,0.949966545752286,3.098840362106014e-08,0.04599202555221752
7,0.7451022932394487,0.13619208852867712,0.03425891151360734
7,0.7803017394458651,0.12222404778003693,0.033801183233458806
7,0.9499980831102532,2.383918863949772e-05,0.045818287872707454
7,0.949999657925378,1.3042791945993556e-07,0.04600680785810997
7,0.9499924470248007,2.383918863949772e-05,0.04581579965280202
7,0.9499924105979538,5.931161696936622e-10,0.046002863835827336
7,0.7812024808477276,0.12140470446503739,0.033823120684700655
8,0.7809217992436087,0.12333305781327039,0.033800397662109155
8,0.717968761920929,0.6625000238418579,0.036695256918375864
8,0.7810884482653154,0.1217385765146674,0.03381735131119442
8,0.7810961199868135,0.12610299294529184,0.03381336671043319
8,0.782016201033122,0.12358304291572861,0.03380224044040438
8,0.781068411514947,0.12329395734937308,0.03380001926590485
8,0.7810867320106275,0.12578720605829793,0.03381169762366735
8,0.7821717860894076,0.12226991785738628,0.03379644138155679
8,0.7829596752368441,0.12314616566454424,0.03380388515398917
8,0.781667197949307,0.12432358306505693,0.03380466152556282
8,0.7793479767728724,0.12315219802092185,0.03380793043946833
8,0.6617187261581421,0.36250001192092896,0.03932776245606457
8,0.7819994397514882,0.12299668568199414,0.03379977094358899
8,0.7809217992436087,0.12314603915120298,0.03379962361499917
8,0.9429687261581421,0.26250001788139343,0.040896255119901644
9,0.5492187738418579,0.5625,0.04912885219074833
9,0.7810939422796587,0.1246805078906097,0.03380616431465906
9,0.7807182917247879,0.12238018313674393,0.033797072204223316
9,0.7810988383583665,0.12232103657699825,0.03379618609235987
9,0.53515625,0.1875,0.05012282234556863
9,0.7818187397357527,0.12192414421186999,0.03380413060025041
9,0.7821717858314514,0.12638263282518516,0.03381514385800684
9,0.88671875,0.762499988079071,0.03680318378448805
9,0.7809294596164023,0.12287974029027678,0.0337985370443127
9,0.7821773465954142,0.12287088608446485,0.03379863886838532
9,0.7821717858314514,0.12646944123909123,0.03381562234434545
9,0.7817578400402091,0.1238070011993761,0.03380252360746907
9,0.7816413410171525,0.12337555115453681,0.03380048542061357
9,0.774218738079071,0.16250000894069672,0.03435031709090462
9,0.7818187397357527,0.12216437182434123,0.03379951663974663
10,0.7601562738418579,0.5875000357627869,0.03542790417463875
10,0.779621437120544,0.12195494941450308,0.033812610145864445
10,0.804192115730284,0.15015521127891351,0.03490124335094485
10,0.7809999393824723,0.12233209478811431,0.03379634130786662
10,0.7810491317924496,0.12234392002552136,0.0337963212112004
10,0.7811405032612228,0.1221081991489089,0.0338009999502489
10,0.703906238079071,0.2874999940395355,0.038586716312483914
10,0.8054592167689032,0.15137718078882118,0.03488199634326976
10,0.7817711716302896,0.12212174514874892,0.03380049439742718
10,0.647656261920929,0.7875000238418579,0.04038624028661923
10,0.81640625,0.08749999850988388,0.03534240756512747
10,0.7811100352552681,0.12232837408082257,0.03379620291173914
10,0.7816272119262396,0.12206808309345235,0.033801683258819853
10,0.9289062023162842,0.6875,0.04005051582335289
10,0.8726562261581421,0.38750001788139343,0.03577081218626867
11,0.7492851208247875,0.10857216581894223,0.034411230615762456
11,0.7826876615518337,0.12365097347894606,0.03380421905895169
11,0.7815959253110394,0.12367230020208918,0.033801677886656875
11,0.7815275753873873,0.12445947262278156,0.03380511496547285
11,0.751149443048834,0.11239122088517611,0.034253861677195255
11,0.7472481849303761,0.10961343398873795,0.03436815331859821
11,0.747301478146559,0.10983915377627151,0.03435485161116905
11,0.78148574604381,0.12270091396752209,0.033797592547478314
11,0.7483779887480864,0.11008576698674014,0.03437588134172119
11,0.5914062261581421,0.48750001192092896,0.04480846136067609
11,0.7483363926283039,0.11004493588925493,0.03437709707434934
11,0.7815275753873873,0.12458071072772958,0.0338056743772191
11,0.7814852911181209,0.12270091396752209,0.033797592181050676
11,0.752440413779493,0.11211123897948785,0.03421935478877151
11,0.7802314743588662,0.12522052112934093,0.03381131263704622
12,0.6195312738418579,0.03750000149011612,0.04492819990853732
12,0.7810756160957298,0.12298386346926649,0.03379875011267077
12,0.563281238079071,0.3375000059604645,0.04699989391907543
12,0.7810824905835461,0.12279716261118417,0.03379800087705111
12,0.78090598707693,0.12272262636345539,0.03379795981849659
12,0.7817713044988579,0.12222949850462386,0.0337978744347397
12,0.7810880668746288,0.12282014599024994,0.033798084167855895
12,0.67578125,0.5375000238418579,0.040456724383788834
12,0.7810842197468725,0.12281258423710838,0.03379806029025196
12,0.7810680622139626,0.12282537001861481,0.03379812725649288
12,0.7809375309995558,0.12282367278922571,0.033798300932220325
12,0.7804521605336465,0.12283253596596908,0.03379964644639467
12,0.7882812023162842,0.737500011920929,0.035240085946140795
12,0.7809672015404034,0.12282506362529469,0.03379825980093194
12,0.9007812738418579,0.13750000298023224,0.03712241120336773
13,0.510546863079071,0.3187499940395355,0.05394751427615766
13,0.8612006714480649,0.08615190631852673,0.03573307617233497
13,0.507031261920929,0.637499988079071,0.05447084932016689
13,0.7320312261581421,0.23749999701976776,0.0358888933420289
13,0.7806910692900357,0.12240168700709368,0.033797224528821425
13,0.861092310735657,0.08049406023604522,0.03582592720095483
13,0.862517076479012,0.08192487306466247,0.03585922209737628
13,0.8624940652709285,0.07933001629550869,0.03586837009438824
13,0.8612006714480649,0.08204617072607344,0.03582609846594647
13,0.8601993342262805,0.08221930862860541,0.035783007992027424
13,0.8621576584220111,0.08180633895605276,0.035848777538994236
13,0.7820492837427987,0.12378437297943908,0.03380321230192033
13,0.8615973714941295,0.07631940477123982,0.03575972853509757
13,0.844531238079071,0.4375,0.03500650808176501
13,0.7562336570570444,0.132573050589907,0.034113310154130896
14,0.6904276897152968,1.1482647981308065e-09,0.0432155935269845
14,0.7807349525713216,0.12189006445014795,0.03381511045873713
14,0.727955124967823,0.12365548989420963,0.03453663519687874
14,0.7810647536420623,0.12367693752719401,0.033801653306706175
14,0.7811644550791588,0.12378359782017298,0.03380202526251586
14,0.7810494734093751,0.1237520183206097,0.033801994636862995
14,0.691197394746,3.3487464052076576e-06,0.043165187179758265
14,0.7805133942882023,0.12399742519838862,0.03380433852074584
14,0.7297503660791118,0.12379905461724544,0.03446352425862812
14,0.7296313478492482,0.1231281319318633,0.034494757857973415
14,0.6889454431516722,3.8296254900038166e-07,0.04324661945592969
14,0.7811644550791588,0.12378354023400942,0.03380202500953532
14,0.7296313478492482,0.1211201009482605,0.034464850170072496
14,0.6904132731204075,2.1792810429687697e-07,0.04321593828849751
14,0.7294764053648548,0.12327096193057559,0.03450873471572058
15,0.7810359523332042,0.12269638643137136,0.033797659161026186
15,0.8480468988418579,0.11874999850988388,0.03474310273927416
15,0.779855332749714,0.12286929718317352,0.03380292734960182
15,0.6792968511581421,0.01875000074505806,0.042970743860756326
15,0.7811540053758824,0.12355333693265506,0.033801038862158225
15,0.7812860863788644,0.12451679849301127,0.03380527872727134
15,0.7812232879150981,0.12274912981995574,0.03379771400435257
15,0.7810406489985882,0.1227066015998661,0.033797693651819935
15,0.7821016625085075,0.12460445219963182,0.03380586937620346
15,0.735546886920929,0.71875,0.03598575216459876
15,0.7821016625085075,0.12272290335042864,0.03379780354949196
15,0.7820004979861296,0.12308984232827987,0.033800162476303894
15,0.7811135638546021,0.1226947636280385,0.0337975715538648
15,0.7816016245865086,0.12355936233454477,0.03380120109611935
15,0.623046875,0.518750011920929,0.041617628874931145
16,0.7821260036485467,0.12248950983833624,0.033796993080225435
16,0.7821319009151662,0.12249818661175048,0.03379704502805887
16,0.904296875,0.41875001788139343,0.037492379942450006
16,0.7821319009151662,0.12370717325192178,0.03380193386527319
16,0.7813279203542486,0.12345351626216285,0.03380056674576204
16,0.781365728950954,0.12339763079357267,0.033800338901449144
16,0.7806128295315932,0.12366572145161507,0.03380254519236132
16,0.7809199050827287,0.12340692983580513,0.033800706896435155
16,0.7814271604463475,0.12344057356561754,0.03380054267954951
16,0.7813638765944447,0.12340850480678972,0.03380038419086763
16,0.7821319009151662,0.1236669527334723,0.0338017602903668
16,0.7826766167411604,0.12264965907179613,0.03380010473373887
16,0.7822142087920494,0.12359806065481384,0.03380175668606246
16,0.7803534441393286,0.12303039211565432,0.03380082682292709
16,0.7821319009151662,0.12363522370529526,0.03380162637956525
17,0.771213064642297,0.06486867360069012,0.03630328483444633
17,0.7733663398309314,0.06209413843325859,0.03650363824473223
17,0.7717459838705655,0.061866409996220076,0.03656057810454146
17,0.7818569910071204,0.1231322024459394,0.03379992516907583
17,0.7753740689539895,0.06209413843325859,0.036470628084225916
17,0.7725512162536995,0.06434256690414858,0.03630716669001657
17,0.5667968988418579,0.6187500357627869,0.046808195731956805
17,0.7750560950560692,0.06092603552683513,0.036531710692252646
17,0.7724144770363769,0.06276347986605682,0.03643640769503302
17,0.7808020465190484,0.12290469131861538,0.03379888384177327
17,0.782206317972858,0.12369538754434846,0.03380214425380422
17,0.791796863079071,0.21875,0.03613398880396796
17,0.7735177154532503,0.06487086000248546,0.036230720722288286
17,0.7810946374151195,0.12252517563960558,0.03379694643492478
17,0.7722368905019013,0.062177375535829776,0.03650926769622332
18,0.8323758545080316,0.14250394855931486,0.03447470070548363
18,0.8309391452807671,0.14252345264913205,0.03444806896024655
18,0.8322179771782562,0.14242533832538928,0.03447104177057798
18,0.7815379494177499,0.12250107141363156,0.03379688405533331
18,0.7810908647800867,0.12354808895134672,0.033801071109021516
18,0.8329603963729895,0.14189193766751673,0.03448358058788614
18,0.8309865882208514,0.14415150676661312,0.03446320575115187
18,0.7823912573192999,0.12249423186175278,0.03379806617479603
18,0.8323758545080316,0.14252703417569879,0.034474890940161505
18,0.8310451514225096,0.14273163069959552,0.034452306117786255
18,0.8313344590915182,0.14133937671662755,0.0344425170892048
18,0.8309391452807671,0.14329850966496366,0.03445465301933875
18,0.8323758545080316,0.1438083725277598,0.0344857839589314
18,0.594921886920929,0.16875000298023224,0.04335711361144296
18,0.7810988426208496,0.12256863553435689,0.033797105923222694
19,0.845545610195045,0.04464352894496323,0.037422502820549784
19,0.932421863079071,0.3687500059604645,0.04010129974404304
19,0.7815333424895459,0.12260594517992172,0.03379726894077347
19,0.8453177610881045,0.042870747017026194,0.0376817106727353
19,0.8451409973480413,0.04361544552550937,0.03754923632103734
19,0.7074218988418579,0.768750011920929,0.03876185546940093
19,0.8431153856956024,0.04315799129860422,0.03760056254304061
19,0.651171863079071,0.26875001192092896,0.039802102627261735
19,0.8445141142158984,0.043614808240284506,0.03754468620292546
19,0.8451567888576251,0.043614808240284506,0.037549480276890305
19,0.8464556029855766,0.04266028412660267,0.037666398163007105
19,0.8199218511581421,0.5687500238418579,0.03617568148755906
19,0.845835454580776,0.04305852984007795,0.037643282343226746
19,0.8458095511189131,0.04463209653436506,0.037426444664155394
19,0.8444683943999156,0.04315163146460162,0.03763467770355332
20,0.7815044338896348,0.12245711972855046,0.03379668601494744
20,0.9499970007601517,0.019762324313275625,0.04256455181112151
20,0.949915693598627,0.020436708193661116,0.04252213686148838
20,0.949915693598627,0.02043202931025384,0.04252181963061365
20,0.7820078419815971,0.12279703907919456,0.03379901272306935
20,0.7814622218264284,0.12288337992544081,0.033798286008629164
20,0.949927271322283,0.019762324313275625,0.04255421437485107
20,0.9495568869113287,0.019705675888916536,0.04252721854328859
20,0.7815044338896348,0.12306230389582978,0.03379903450500554
20,0.7812307279097261,0.12339469943310633,0.03380032677619004
20,0.7814334335832687,0.12229617964815152,0.03379614619558572
20,0.7813377323332964,0.12288208269331197,0.033798229444678876
20,0.7815032810601096,0.12311513310875767,0.033799248227019366
20,0.9499792767771499,0.020446218464668275,0.04252967919950869
20,0.7812851175827245,0.12295829317944064,0.033798529792188794
21,0.7813857949176458,0.1226796698112805,0.03379744992615325
21,0.7814334630966187,0.12289827869697914,0.033798326488712026
21,0.7813997543496025,0.12290322411615531,0.03379833364133426
21,0.5023738714784075,0.008362524276038294,0.058685992165602295
21,0.7814011834793426,0.12270113124899329,0.03379753718537789
21,0.500232409985855,0.008749966045146579,0.05914651821246718
21,0.7813824036814276,0.122552099072263,0.03379696419220433
21,0.5052188053625638,0.008551391108393702,0.058297424817734186
21,0.7813857940664181,0.12267963274594916,0.033797449781391334
21,0.5009503880205305,0.008367669592334067,0.05893518810783053
21,0.5012416610780359,0.008728118731499753,0.05895876381326581
21,0.781880000464092,0.12238027238515772,0.03379705821482386
21,0.5000300491351615,0.00867104163562444,0.05916427412915556
21,0.5004716060380642,0.008553024861708742,0.05905439600995656
21,0.5001757299300827,0.008259464496345894,0.05905729147697903
22,0.725151920798417,0.16016480233127858,0.035118172975987065
22,0.781412341797231,0.12259954953596802,0.03379715203167843
22,0.7240329754653534,0.16329468805956532,0.035157969862143805
22,0.7218086551387436,0.16583453489422298,0.0352854388829628
22,0.7253858781148362,0.16312076474164103,0.03516233355116074
22,0.7214340129057156,0.16484861539000334,0.035277620788668446
22,0.7246092056151502,0.1630143507919638,0.03515610374613908
22,0.7218836772665473,0.16395877189521654,0.035248793823726775
22,0.7214320451241791,0.16397816442280055,0.03526200766857083
22,0.7245316533285541,0.16191003556588485,0.03513897206243121
22,0.7217758260825388,0.1665062064207651,0.035298593002937244
22,0.7257188875834084,0.16003336426982182,0.03509740375323726
22,0.7250300474721939,0.16327104143503404,0.035176666776737524
22,0.7188560959222827,0.16683161933418195,0.035398200001539634
22,0.723188837626097,0.16327123101030994,0.03516943779160272
23,0.9497293343080978,0.00528771271637499,0.04532008315751708
23,0.7810350325256141,0.12288042382771648,0.033798380587416
23,0.7814967414988306,0.12289293923444188,0.03379835034254932
23,0.7095138953976579,0.006070931127128434,0.04208705971063823
23,0.7767521477860753,0.12180045891355988,0.033863699220024475
23,0.7767593022444014,0.12186941191512629,0.03386207570798309
23,0.7101774384812699,0.0061471978166633325,0.042094149010572325
23,0.709018741703787,0.0060390014293934926,0.04209405649895133
23,0.7588281301620159,0.12075387027913889,0.034045740623513135
23,0.7804267518785362,0.12289293923444188,0.033799981187946464
23,0.7782499260945223,0.12289293923444188,0.03381860464610283
23,0.7809214659449066,0.12289293923444188,0.0337986034537202
23,0.7781830646626857,0.12289293923444188,0.033819458577687
23,0.9484563107949133,0.005320112679384639,0.0435551172376191
23,0.7769980144564523,0.1218831997382373,0.0338573650031792
24,0.8744745018052527,1.1757329930306404e-09,0.042512652574630376
24,0.87484323992865,2.9664648447159814e-07,0.04252248148093377
24,0.8745439342379464,9.779564664873131e-09,0.04251450348276164
24,0.8745565129234706,3.2513121680992636e-08,0.042514836185352255
24,0.7816353953297912,0.12315690512911465,0.03379958451281113
24,0.8744150206271121,4.989851863410514e-10,0.042511071565177104
24,0.8748647334785461,1.090953317511774e-07,0.04252309554740351
24,0.8744058054880125,1.8923594926930145e-08,0.04251082403513528
24,0.8746999086695835,7.378823586340893e-08,0.04251847668125232
24,0.8735747748955338,1.121357876129134e-07,0.042474874986080324
24,0.8730136549592756,3.188681700826519e-08,0.04246042751219641
24,0.873297213990284,3.2699031798184e-08,0.04246769954912038
24,0.8746999086695835,6.781241969299796e-08,0.04251847777205323
24,0.7826962195552032,0.12229617685079575,0.033798910534999525
24,0.8744466712907761,2.927090307346552e-08,0.04251190721094817
25,0.7817731972549642,0.122540905722622,0.03379740070714297
25,0.9499999516874138,0.09807122455420447,0.04056850347139011
25,0.9499946417383769,0.09791321237867,0.040570708546847
25,0.8761718273162842,0.668749988079071,0.036175085358922124
25,0.552734375,0.09375,0.04963810082982847
25,0.782116989974392,0.1225493741272834,0.033797184057683165
25,0.7777343988418579,0.4937500059604645,0.0351230767630582
25,0.9499999666171562,0.09891715573195058,0.040681209407570876
25,0.7817980974459192,0.12254320691752443,0.03379746386368421
25,0.5386718511581421,0.46875,0.04947457050775385
25,0.665234386920929,0.6937500238418579,0.04112457984264428
25,0.9499983502788083,0.0985168726852288,0.040560983372008266
25,0.9499993878840229,0.09752818388013139,0.04057772107796152
25,0.763671875,0.06875000149011612,0.036119548439997894
25,0.8902343511581421,0.29375001788139343,0.03678431540909337
26,0.9009318029227088,0.004739689647547535,0.04185286045285617
26,0.7810772963758215,0.12262888134645962,0.033797351937993415
26,0.8668559304526973,0.1323808143136888,0.03531362624809622
26,0.8638369319438277,0.13638976990608093,0.035266825068304745
26,0.8646758022161872,0.13362237764776438,0.0352699276840408
26,0.8646044262426714,0.13517013163079114,0.03527701132611825
26,0.8691774405073052,0.1283066482042221,0.03542399372476658
26,0.8637747502231983,0.13638976990608093,0.03526452957991631
26,0.8655878529027713,0.1321698384292308,0.03528504491631685
26,0.9034803125961571,0.004739689647547535,0.04196994521842296
26,0.8666006165913235,0.1317850948166725,0.0353187354135669
26,0.7815770195008048,0.12264252677458688,0.03379745621552616
26,0.8677663747838649,0.13042439268003406,0.03535455115735368
26,0.9018264708371425,0.004739689647547535,0.04189474191198035
26,0.8669632391418739,0.1323808143136888,0.035318042947766894
27,0.893486872631052,0.028567406484623456,0.03975247344539423
27,0.7819953184083838,0.12229615697636677,0.0337970883266416
27,0.8578426778320124,0.265542956000414,0.035742664303204164
27,0.781635136463569,0.12229613558920224,0.033796248537782736
27,0.7596158749455371,0.08993428646395718,0.034754557986554455
27,0.7620841505279546,0.09088345577000843,0.0347078640757077
27,0.7590015949295594,0.08980856206895646,0.034764451308138884
27,0.8564607416486638,0.26538343241356227,0.03574329929881979
27,0.8023846126178188,0.12213869837740739,0.03461373285792985
27,0.8933275077972693,0.02856733912536089,0.03974588018735818
27,0.7821334687596703,0.12229138635959327,0.03379629033541576
27,0.7815113527010924,0.12229494325967247,0.033796155068108576
27,0.7617586601539893,0.08994258408635686,0.034743538826899956
27,0.8113007335506636,0.12512534378634935,0.0346079155604333
27,0.7822719071558546,0.12229494325967247,0.03379681079991454
28,0.9050136525158494,0.08235202033696173,0.03786983221252666
28,0.7812016053923911,0.12251556611370801,0.033796834113886266
28,0.7814334630966187,0.12229617685079575,0.03379614625207771
28,0.7812013432578329,0.12251556611370801,0.03379683422330282
28,0.7271046662573954,0.09983364757113487,0.03505229167471761
28,0.7464583907680963,0.12432670243384125,0.034142059258724426
28,0.7453095767656892,0.12432670243384125,0.0341553733787305
28,0.9036707194576908,0.08285590377032798,0.03779193175527407
28,0.7270675274216735,0.09987361588623464,0.03505182955223414
28,0.7454361186657124,0.12391551840189907,0.03415114538660065
28,0.7270345722503081,0.09987361588623464,0.035052690241452765
28,0.7818925933122773,0.12251942710496423,0.03379761036947392
28,0.7463151688549838,0.12378545824472312,0.03414050388902165
28,0.7277990552724982,0.10000329306643302,0.035029461511081314
28,0.7282959905881062,0.10039368118835906,0.0349981997308873
29,0.8195010656405552,0.17523938683532161,0.03537794979533109
29,0.7814640790157406,0.12252060352634364,0.03379689443911482
29,0.7885970215780361,0.1358255098987469,0.033987659525265355
29,0.7886807292007332,0.13416665112050238,0.03397477531501928
29,0.781908384869799,0.122539418625708,0.03379772392398129
29,0.7899960275003636,0.037737508231382576,0.03828505932118555
29,0.7821643194305152,0.12246500007232733,0.03379703547676201
29,0.7885635745103339,0.1342606585455716,0.03397234008977456
29,0.7587214877558502,0.1985946180699516,0.03518433586206739
29,0.7904647337888173,0.03727989929629166,0.03834938521785698
29,0.7821192535560797,0.12253900877589627,0.03379715192004325
29,0.7840057119984386,0.11536756997335983,0.03389705696229296
29,0.7886731219941602,0.13617523068422602,0.03399282249516623
29,0.7816537337432099,0.12253968217094934,0.033797178098322056
29,0.7904927907542658,0.036835673589659605,0.03840326056716471
30,0.8320778686992051,0.36040503457654527,0.034696489291140296
30,0.7813956417726602,0.12253856105009969,0.033796918898371144
30,0.7812627311241733,0.12253854123538777,0.033796902034254686
30,0.8321207196903048,0.3591571546678107,0.034696186188013914
30,0.8322130617564841,0.3613431941740635,0.034699636967255816
30,0.8323791406036,0.35906960274919336,0.03470057931593933
30,0.8324215617102938,0.35919516827790104,0.03470152809238204
30,0.8321197411593448,0.35913583812793093,0.03469614975749114
30,0.8323767680565798,0.3591984675777707,0.03470063739068773
30,0.8323803650864239,0.35912513163127324,0.03470064886833631
30,0.7809441490484448,0.12253855459849447,0.03379719677222202
30,0.8321605186387169,0.3591350468908505,0.034696946562966687
30,0.8323791406036,0.358188608558745,0.03470014283903196
30,0.8338639483709094,0.35532714431519186,0.03472949151780806
30,0.8321978566435146,0.35895234372299945,0.0346975375523607
31,0.5000220806373534,0.02326334373057775,0.05918907285390101
31,0.5000101114913696,0.023337300033884185,0.059212466580660615
31,0.6089843511581421,0.59375,0.042607106087884254
31,0.9464843273162842,0.793749988079071,0.041382890908076606
31,0.5000449502843758,0.02334748445113442,0.059210110088898024
31,0.5000043187522639,0.023257655720527265,0.05919047277766642
31,0.5000094716196354,0.023257655720527265,0.05918962796440725
31,0.580859363079071,0.24375000596046448,0.045157953081626505
31,0.5000064002805246,0.023264079358399792,0.05919183688683028
31,0.8058593273162842,0.643750011920929,0.03614904413878129
31,0.5000458114947055,0.023263052490445777,0.05918510976127852
31,0.833984375,0.19375000894069672,0.03523747369639467
31,0.721484363079071,0.39375001192092896,0.036345984517351916
31,0.7819600863173043,0.12226469036367085,0.03379731994801564
31,0.5000476515327376,0.023257583648356762,0.059183352213022115
32,0.713641480595148,0.04550961002858813,0.039380944898645256
32,0.7812424458177719,0.12245101548496809,0.03379657504139354
32,0.8494635711306572,0.16893639299660806,0.03519241583242166
32,0.8812629413014171,0.057241327614042936,0.037065954954318504
32,0.7162519719484797,0.045509128004519075,0.03928251472788238
32,0.8494619035025982,0.1685848702351593,0.03518710715071871
32,0.7147506792574967,0.045509128004519075,0.03934358683831684
32,0.88125447550793,0.057286347869049285,0.03706014805093831
32,0.8494619035025982,0.1695422552280545,0.03520132936267445
32,0.8803581502531383,0.05803892931761121,0.03693214462375216
32,0.8476194629198455,0.16857631002989937,0.035141220665830614
32,0.7818228617430382,0.14360173620876943,0.03396720355619689
32,0.8803581502531383,0.057470372357765545,0.03698217733699787
32,0.8494619035025982,0.16890123107178145,0.03519183835772991
32,0.7138404707516571,0.045845029561601254,0.03934452448749367
33,0.7879652091719129,0.0836277727941069,0.0347828404644432
33,0.7812427202473581,0.12239407379987982,0.033796369857807644
33,0.7868870384436786,0.08566031296268885,0.03471484694365055
33,0.8300983503232957,0.12416277298043032,0.03432791939720058
33,0.7813623946749195,0.12244429667642703,0.03379655289211516
33,0.7873741164099844,0.08392022009278383,0.034760956089608025
33,0.7875448012902251,0.08455094465593428,0.03476546278004401
33,0.7879651554638688,0.08367295085012805,0.03478218315756899
33,0.7873888490509953,0.08504828972025716,0.0347516637807193
33,0.7810321940701253,0.12244429667642703,0.03379671206698304
33,0.7873741164099844,0.08397315060582758,0.034760266788109916
33,0.8306554847509142,0.12400562589333552,0.034341245571903
33,0.8300928417602997,0.12342624681560664,0.03432603418675828
33,0.8305448162992453,0.12371517674494806,0.03433784086248762
33,0.8300983503232957,0.12415838463080901,0.03432790805632953
34,0.7540434730536335,0.15010929059276013,0.03433357760815056
34,0.7810311544617915,0.12241318267959439,0.033796602454602954
34,0.7540890816503628,0.14915318159261687,0.03431924278045751
34,0.7805859280645815,0.11741154326064678,0.033867701115218175
34,0.7538081473711925,0.15011196576751806,0.03433491190466571
34,0.7540276284909182,0.1499166358755855,0.0343307856922204
34,0.7540822120462409,0.15011816907386663,0.03433351268131093
34,0.7532944908431674,0.1509224208190842,0.034350595851681966
34,0.7538080502901532,0.1501078563941689,0.03433485131077687
34,0.7642284683208534,0.265347784834172,0.035318416398312576
34,0.765124038344312,0.2641939961961379,0.03531989046111299
34,0.7808688412562697,0.11740846992521854,0.033866750428066646
34,0.7805854813313812,0.11741154326064678,0.03386770301855025
34,0.7810303189527863,0.12240172540647953,0.033796560139426376
34,0.7637777988872787,0.26513347029685974,0.03533071114893017
35,0.7814336680725235,0.12229609290784263,0.03379614819755023
35,0.630078136920929,0.706250011920929,0.04139229629186102
35,0.517578125,0.10625000298023224,0.053696394226060595
35,0.9183593988418579,0.04374999925494194,0.03914080669767467
35,0.7813308900494105,0.12229626607215172,0.033796204604830994
35,0.862109363079071,0.543749988079071,0.03555746453711258
35,0.8095952584825543,0.007452139298010723,0.0409459162288377
35,0.7425781488418579,0.5062500238418579,0.03568124888782549
35,0.780665878940438,0.12254232308325572,0.03379782018989612
35,0.6371093988418579,0.14374999701976776,0.03893558850173328
35,0.8550781011581421,0.3062500059604645,0.03535220439917366
35,0.524609386920929,0.7437500357627869,0.051586289661092855
35,0.7496093511581421,0.34375,0.03539952306770283
35,0.8091961375681507,0.007451347741370321,0.04094365076184383
35,0.693359375,0.4437499940395355,0.03914477503306725
36,0.7813575597832944,0.12236191980216073,0.03379625240436837
36,0.8437786199428935,0.06277431152188591,0.035879526443623425
36,0.7811343000952324,0.12233985516544393,0.033796227552259014
36,0.8356114447185361,0.024142048023899795,0.03910304157070281
36,0.7814057379228243,0.12235402743567148,0.03379624263635277
36,0.7811565551868159,0.12229617685079575,0.033796423404938956
36,0.7811567851030122,0.12229617685079575,0.033796423034637264
36,0.8430339312118305,0.062403762994294405,0.03589674152901694
36,0.8357261692869288,0.023789980575367305,0.039184830643815775
36,0.7793786683826743,0.12796314700886377,0.033832628857208544
36,0.8432222820313298,0.06239761247394298,0.035898445834093844
36,0.843690384499377,0.06277279089855979,0.035879056686689434
36,0.8435503102356953,0.06282934633597774,0.03587216882624934
36,0.8360685230682735,0.02379590646355309,0.039184887242497086
36,0.7820221584850906,0.12229118059755302,0.033795940660796255
37,0.7283321870592303,0.13701721646360523,0.03463593309223314
37,0.7895892904716247,0.11654356398653823,0.03397841370231938
37,0.78952890507944,0.11712502421931016,0.03399572702162464
37,0.7887685034467324,0.11784563402201727,0.03396231080763377
37,0.7895892904716247,0.11717311412260649,0.033996456405205794
37,0.7812663565822919,0.12243583929773007,0.03379651453863339
37,0.7289671849279289,0.13673369734367344,0.03461789441843208
37,0.7897005635540157,0.1164191424473793,0.03399189611566518
37,0.7883079541529759,0.11818827211386107,0.03394354396200849
37,0.7810941478488433,0.12235583037865021,0.033796319792223174
37,0.7820221781730652,0.12232126857756093,0.033796051404416036
37,0.7899192434105035,0.11637595522058283,0.03399869260884277
37,0.7296855595540964,0.13648609710943815,0.03457039981480118
37,0.7895892904716247,0.11654257605438828,0.033978437827378236
37,0.729694428409137,0.13649028872040375,0.03457023405954029
38,0.686328113079071,0.20624999701976776,0.038719556116731765
38,0.7814268606044964,0.12229254838792203,0.03379623643106441
38,0.7144531011581421,0.5562500357627869,0.036821415883237604
38,0.7814386050025293,0.1224419385075089,0.033796578166108676
38,0.826953113079071,0.7562500238418579,0.03641049811642292
38,0.5738281011581421,0.40625,0.046042463054094464
38,0.798828125,0.0062500000931322575,0.04061737599913007
38,0.6019531488418579,0.35625001788139343,0.04297579629364571
38,0.7820836378450222,0.12226823737613374,0.03379627052534009
38,0.939453125,0.15625,0.039790597657447746
38,0.7814365412629927,0.12229117751121521,0.03379626580508017
38,0.781148707760238,0.1225784434136718,0.03379710068921437
38,0.781425251129337,0.1224419385075089,0.03379656996609297
38,0.7814505323684353,0.12227344824666542,0.03379668848646451
38,0.9113280773162842,0.606249988079071,0.0380784752606353
39,0.7817159889916568,0.12231281819036308,0.03379644748326001
39,0.658203125,0.05625000223517418,0.04111813445595689
39,0.7812964691463359,0.12233419062728601,0.033796140475394344
39,0.545703113079071,0.65625,0.04973538328704826
39,0.781695827564289,0.12232359683750078,0.03379645047654012
39,0.7707030773162842,0.2562499940395355,0.03527319250509551
39,0.7819674358174454,0.122333760411878,0.033797139773723624
39,0.7819744765123723,0.122333760411878,0.03379716143813787
39,0.7820299224195356,0.12228888681873017,0.03379595469838163
39,0.8832031488418579,0.45625001192092896,0.03635830681251904
39,0.5316406488418579,0.28125,0.05024924911847611
39,0.7814757258053548,0.12232136620789003,0.033796163671451974
39,0.7819541669981128,0.12232377964900434,0.03379706320881974
39,0.7813078001587708,0.12232116631625933,0.03379609266996444
39,0.756640613079071,0.6812500357627869,0.03546413748274542
40,0.9253906011581421,0.581250011920929,0.03971062059481042
40,0.7815737768200385,0.12247469968681639,0.03379682529680173
40,0.78206751129227,0.122291616070921,0.03379607746157749
40,0.7820185160666832,0.12226426840765908,0.033796232657573345
40,0.8128906488418579,0.3812499940395355,0.03599618826248141
40,0.7820392338906497,0.12229133645377599,0.0337959907749536
40,0.7820519848208701,0.12234143348814489,0.033796211516499745
40,0.782015978883225,0.12228902143410979,0.033795915127439145
40,0.6441406011581421,0.48125001788139343,0.04040173491278119
40,0.7820656280729703,0.12229263270141372,0.0337960754111418
40,0.587890625,0.78125,0.04534513523244939
40,0.7820382341905786,0.12229066509294766,0.033795985315884555
40,0.869140625,0.08125000447034836,0.03609845737132648
40,0.700390636920929,0.18125000596046448,0.03748772779352057
40,0.7820768579955882,0.12226769993649458,0.03379626874452817
41,0.7847656011581421,0.4312500059604645,0.035014434181267026
41,0.616015613079071,0.33125001192092896,0.04192552258448786
41,0.728515625,0.13125000894069672,0.03456794343754664
41,0.8410155773162842,0.731249988079071,0.03515560108084271
41,0.7813787196990021,0.12235838617507161,0.03379624672434484
41,0.7810565771962974,0.12235877928036461,0.03379636891396481
41,0.7820288758476424,0.12234940304043013,0.033796171659365895
41,0.6722656488418579,0.6312500238418579,0.04076487735507554
41,0.7820293944076993,0.12234549318155902,0.03379616284418967
41,0.781378263648264,0.12235838617507161,0.033796246539289566
41,0.7810483120364378,0.12243856791878073,0.033796673089469514
41,0.897265613079071,0.23125000298023224,0.03751813202452858
41,0.559765636920929,0.03125,0.050699632696758576
41,0.7813707322039717,0.12235367818900476,0.033796226262450824
41,0.7814509525454588,0.1223167098928766,0.03379613059421977
42,0.5035156011581421,0.53125,0.05541289297174247
42,0.7811260064698545,0.1222890242934227,0.03379665085409349
42,0.7810741225935975,0.12229801977826821,0.03379653153990923
42,0.7767973190283103,0.33485955766544173,0.034990581322078135
42,0.730273425579071,0.6656250357627869,0.03612135162127359
42,0.7808850053522212,0.12252936716748283,0.03379726348043424
42,0.7765758916996319,0.33486056151856874,0.034995548660497686
42,0.7766125146959227,0.33436435100785694,0.034994301285798446
42,0.8427734375,0.06562500447034836,0.03561745572794269
42,0.7766960334520508,0.3369974240348806,0.03499450254922453
42,0.7767973190283103,0.33637773010403105,0.034991579278138764
42,0.7819736914841066,0.12228429378080612,0.03379697712289262
42,0.7768237014360663,0.33303816108857753,0.03498835914914218
42,0.7766136981304611,0.33436435100785694,0.0349942755907682
42,0.5052734613418579,0.265625,0.05494799063977966
43,0.7812312216473741,0.12241310881833467,0.033796443136332004
43,0.7820831494003802,0.12228038940871024,0.03379608481639213
43,0.7812414961728936,0.12241295918510103,0.03379643519152162
43,0.7921455982201598,0.17070291248994057,0.03535589106157855
43,0.907515902100452,0.012784542538449836,0.041480852390455576
43,0.7820029942339194,0.1222890242934227,0.03379708655534316
43,0.9066305262351545,0.012784542538449836,0.041490145737177034
43,0.7923382320384751,0.17063009051137804,0.03535632750933052
43,0.9075051190244052,0.012784421594671564,0.0414768021773323
43,0.9074864026001809,0.01278992147131418,0.04148986573495296
43,0.7926421641269119,0.17068580548172035,0.035360014015686544
43,0.7814940584593326,0.12242065315915303,0.03379654053717332
43,0.792269656166369,0.17175757237851946,0.035379645679553914
43,0.7924966760323584,0.17082011389279572,0.03536160394891679
43,0.7820856572865442,0.12228918440733842,0.0337961246673063
44,0.7861060675143802,0.12941776457320422,0.033880279151557266
44,0.7821323004894863,0.12234671728092435,0.03379648816019079
44,0.8530457647576042,0.10362124219204863,0.03515167462067529
44,0.8536499722094468,0.1036658744959454,0.035137205753541303
44,0.7811650961810935,0.12239891208419003,0.03379642008311117
44,0.7665158349489785,0.13703857510232154,0.034082823705802685
44,0.7813244138232961,0.12234525139256311,0.033796184167978284
44,0.7861061013771505,0.12934151177542066,0.033879779855680234
44,0.7784246228835842,0.12499728433934852,0.03382585903126402
44,0.7860882785407289,0.12975313006300646,0.03388214348532717
44,0.7821437768056637,0.12232453907575451,0.03379644570371437
44,0.7821214726421555,0.12234779484670254,0.03379645565398761
44,0.7811536159346059,0.12232739980490585,0.0337961641663188
44,0.786174819861946,0.1294173435812159,0.03388164880423378
44,0.8535566442641109,0.10366098108243361,0.03513437809134871
45,0.8188058308698736,0.13685673374707355,0.03478409001499315
45,0.7813061682287686,0.12241088029282947,0.0337964202167805
45,0.8181927494529856,0.136967825356628,0.03476422391835953
45,0.8183538326770262,0.13736389957160308,0.03478136436723789
45,0.8187104443753392,0.13705767336511882,0.03478440947014925
45,0.8185928982069791,0.1372510811325059,0.03478429748282639
45,0.8188368263998622,0.1374390028821857,0.034790481118740925
45,0.7819782390576605,0.1222890242934227,0.03379700873600187
45,0.7811646820602482,0.12236081098488241,0.03379627739506149
45,0.7820744016014541,0.1222890242934227,0.033796089298326316
45,0.8179851823562425,0.1373469256878226,0.034764070777704735
45,0.8187989483656944,0.13716759805537476,0.03478707066814267
45,0.8188034799061472,0.13707766626123774,0.03478625563505254
45,0.7813715818571284,0.12237030928428722,0.03379628865778427
45,0.781228322056737,0.12235747229219372,0.033796237100461896
46,0.9499998895708941,0.06276360155579402,0.040965866165042185
46,0.782039202264814,0.12228857992038059,0.0337959804386323
46,0.8847692151039594,0.10535745053938629,0.03631572417039763
46,0.8858844010587859,0.10597943968310425,0.036353675519975245
46,0.9499733149311644,0.06230301353559327,0.04072444411524181
46,0.7657259353010019,0.10208199435050193,0.03440686982251787
46,0.7820162157685547,0.12229408074082401,0.03379593436321831
46,0.9499778877178074,0.0625677766196182,0.04096734485533193
46,0.8851294967627726,0.10533128783336954,0.03633393814118935
46,0.8858166462912619,0.1059045908822929,0.03635284402457863
46,0.7769832199236293,0.13132312204012142,0.03388850311404334
46,0.9499999349150832,0.06272826324110346,0.04096647595661923
46,0.8852348819797493,0.10610774413625046,0.036306203280035455
46,0.9499998391063101,0.06230301353559327,0.04072701420248224
46,0.776935622706431,0.13157507725226295,0.03389121261089023
47,0.7821693948833098,0.12227318689889216,0.03379635434615568
47,0.782115016479372,0.12227318689889216,0.033796224316681396
47,0.7847839912634111,0.12255210627202726,0.03382207448243828
47,0.8086055662799893,0.05249209021073152,0.0372395368861698
47,0.7844540494940639,0.12256730577540356,0.033817446107838094
47,0.8083693451881105,0.05238213975990281,0.03727145785413214
47,0.7863954426355944,0.12254891984816134,0.033850696853471335
47,0.7815632812269301,0.12227919464037106,0.03379653730223366
47,0.7863548279697837,0.12257563111180136,0.03384994219399147
47,0.8087534859140798,0.05264122274719255,0.037188403701002445
47,0.7845479274496641,0.122557372717709,0.0338186973311827
47,0.7821105689618832,0.12225524280834302,0.03379663988996556
47,0.7821095377613717,0.1222551521588914,0.033796639650225384
47,0.7846951014540804,0.12255342013816341,0.033820774175495665
47,0.807871465851012,0.052067262383317874,0.037104275777780416
48,0.5000981180796578,0.0032193198989356278,0.05927092224948337
48,0.7601014507706986,0.07954200701357124,0.035224756714125824
48,0.7577952657264622,0.07931602117137715,0.03519115167924373
48,0.7820734882040616,0.12232308090563677,0.03379621242392407
48,0.7803390105135769,0.11946355651616382,0.03383566905711353
48,0.758974773298201,0.0794034230588704,0.0352214436145401
48,0.820819798051278,0.1148002092537618,0.03475770003991175
48,0.8200066974866843,0.1144382200216592,0.03472927092193012
48,0.7596359525817057,0.07933218226156714,0.03524952713570519
48,0.7610398463432038,0.07943577161011084,0.03518721806556425
48,0.8193186045226422,0.11426941977561883,0.03472202666796904
48,0.7573300755003315,0.07931783750030312,0.03520021879979547
48,0.7608726705732325,0.07952172464733856,0.0352160220332771
48,0.7821704527218498,0.12234201479326673,0.0337965980063556
48,0.7615734015310828,0.07943674627909827,0.0351801122090114
49,0.9118327999454141,0.007924947722633203,0.042838272215128856
49,0.7821461634093113,0.1222890242934227,0.03379632194901794
49,0.9135187298144672,0.007712620334764633,0.04271450452973956
49,0.9156795618501183,0.007886857555940383,0.04326438192133003
49,0.9150779434841155,0.007866542863641407,0.04318900909819744
49,0.9158425510945318,0.007859461876162375,0.04329037031508659
49,0.9158732444346395,0.007927766075759533,0.043233086447871424
49,0.9155681695020537,0.007712788663704783,0.042846470718203404
49,0.9156114065159581,0.007746974861071461,0.042844812834302234
49,0.9160565409814486,0.007924056084345396,0.043248062128457034
49,0.9161387200195089,0.00788498660210814,0.043262437995162266
49,0.9162870384551217,0.00775735854975218,0.04337846819556374
49,0.9158046023528866,0.007712620334764633,0.04285924296041576
49,0.9155468538252745,0.007832668440612945,0.04327533310328322
49,0.9155842968230431,0.007823754418932872,0.04326114312588982
50,0.6764500172204352,0.002229119285821486,0.04367921752577842
50,0.7381077925539528,0.11537954445216554,0.034378097504676915
50,0.7384497849960456,0.11484442536801848,0.0343822849712814
50,0.7381158985053108,0.11539732020501771,0.034377522132107756
50,0.7820270386139464,0.1222890242934227,0.03379594704408477
50,0.7382064902537939,0.11495110806428646,0.03438531398376905
50,0.7386129614879299,0.11590273889807079,0.034355830582309344
50,0.67713508772331,0.0022401260672518268,0.04366649993143026
50,0.7384462589862318,0.11557287100967958,0.034366368511218416
50,0.6770768339973189,0.002235724175361469,0.04366477878302226
50,0.7384497849960456,0.11489962596687471,0.03438102634006777
50,0.738071563370114,0.11424253216038187,0.03442197721173603
50,0.6771341825879725,0.0022393557394929597,0.04366589608334955
50,0.7820270386139464,0.12228758038696724,0.03379594167939842
50,0.7380882535461957,0.11449180972605105,0.034401791403443446
51,0.674023449420929,0.16562500596046448,0.03875555870353853
51,0.6631162874174013,0.01117621538843628,0.04412684143869099
51,0.6632308055532669,0.01116548081931054,0.04410884702880378
51,0.6632145631812926,0.011159692066813009,0.04410186263621443
51,0.664222159123663,0.011170000794434056,0.04408514712438093
51,0.7820159792900085,0.1222890242934227,0.03379591513922549
51,0.6631629884348746,0.011154782579396439,0.04409705753977623
51,0.6631583257510901,0.011166464243441636,0.04411247245972682
51,0.6632228125274446,0.01117000684677565,0.044115134443871995
51,0.6177734136581421,0.46562501788139343,0.041898714359174825
51,0.7820159954051893,0.1222890242934227,0.0337959151852978
51,0.8990234136581421,0.565625011920929,0.037326474856492896
51,0.6636753698234867,0.011178199165111912,0.044112878774661156
51,0.6630582190202161,0.011163354108920451,0.04411599913477561
51,0.7865234613418579,0.3656249940395355,0.035001076917107375
52,0.846353291429643,0.0023138728497277983,0.04146570753029642
52,0.7820323337060496,0.1222890242934227,0.033795961818407765
52,0.8360970227791968,0.07899900418850861,0.0352874739653924
52,0.7616708418283338,0.11243109962844441,0.03418535414658584
52,0.7614097311545327,0.11269764581791074,0.03421186637352943
52,0.761812417980315,0.11300036718047204,0.03416664606704298
52,0.761330673502553,0.11225536308772527,0.03422377565629107
52,0.761456436725437,0.11252763235345604,0.03421744042258993
52,0.7614287439361603,0.11267033344595219,0.034213357639477235
52,0.7613957350851259,0.1126233050371078,0.03421457159735402
52,0.8462148212761845,0.0023138728497277983,0.04146624860380672
52,0.5004313360957169,0.014988549690004429,0.05937455562934803
52,0.7613941937504873,0.11274589542812984,0.03421019035623861
52,0.761663610560987,0.11311039235816366,0.03416499336314442
52,0.7618091854565427,0.11420499995561628,0.034132545725391775
53,0.7999160592065276,0.10650264045848792,0.03492390879934593
53,0.7820672134110049,0.1222918495690828,0.03379607740620173
53,0.8016914219754923,0.10367579817921972,0.0349781338272931
53,0.7810882435564452,0.11206382149419268,0.033987738014543155
53,0.7504932058650479,0.011153861309741976,0.04117956828195587
53,0.8012674590083069,0.10445847326487563,0.034952499305010286
53,0.8012364792446488,0.10408001131842116,0.03496335372383893
53,0.8005731923521524,0.10615333903647306,0.03491071222981433
53,0.7508313534184893,0.01125913202624042,0.041212418649393866
53,0.782116039362737,0.12230379159576214,0.03379627453639327
53,0.8007932072998736,0.10535029394840482,0.03493124068370679
53,0.8022302499655249,0.10313927071803534,0.03498882186750127
53,0.7821314764469071,0.12230291583624621,0.03379632316301516
53,0.8012829463319031,0.10445847326487563,0.03495239983203723
53,0.8012829463319031,0.10539197152545857,0.034927128469656114
54,0.5000147215381682,0.047527840868025285,0.058590694515992484
54,0.7820664573436927,0.12229169490458773,0.033796074478968784
54,0.7820664573436927,0.12235660729977042,0.03379631125790326
54,0.5000149601460467,0.04764841837929669,0.058577551388284466
54,0.7852253803380609,0.14079361959108375,0.033965253837844926
54,0.7820325803673703,0.12228664170032534,0.03379595439439198
54,0.5000396165487117,0.047650219283794155,0.05857275837196645
54,0.7534337544089714,0.12235099752634031,0.03408541812220956
54,0.7533625455362531,0.12211761799172827,0.03408651247510023
54,0.7537126854342306,0.12235660729977042,0.034083587711190196
54,0.7533771318429004,0.12235843105516937,0.03408571705394797
54,0.784725840501869,0.13987055620517813,0.033947124344059755
54,0.7852253101116703,0.1401448699425285,0.033957476852394114
54,0.7962986613163432,0.07242714079596188,0.03586394636802178
54,0.7816216070461888,0.12235660729977042,0.0337964537514644
55,0.8264238418571547,1.1481883244107582e-08,0.04164246785095468
55,0.7820791403992924,0.1222890242934227,0.03379610417748831
55,0.7757372381070671,0.09166649693898024,0.034595656235623634
55,0.7934758219105231,0.1266423191468057,0.0346932237330208
55,0.7936706975810714,0.12607719751789814,0.03469134584096091
55,0.776011026321775,0.09183320265756817,0.03458581071215256
55,0.8264549399247837,6.321653902103474e-08,0.041642709129337555
55,0.7768810478677095,0.09160670028541616,0.034571746612775726
55,0.7941202100789759,0.12733976454880103,0.034716236709949964
55,0.8269534489648608,3.0318541515815144e-08,0.041645789336419846
55,0.7943196329356702,0.12704859270531396,0.03471566915264047
55,0.7762280997997448,0.09123090165091474,0.034594841707742525
55,0.776228775479258,0.09253023321376533,0.03455028064923002
55,0.7762389646799903,0.09245802192954368,0.03455247035718704
55,0.8264798660586647,8.967149578725813e-10,0.04164285570229696
56,0.7380653247414121,0.08526667523579982,0.035255565599827655
56,0.7820164067371089,0.1222890242934227,0.03379591636177257
56,0.7379781464977274,0.08610591882876217,0.03522019203021746
56,0.6877884411817248,0.03014680189444349,0.04184150039416634
56,0.7388442060966087,0.08672019541546677,0.03516242038468073
56,0.6884726380727001,0.030144813227646203,0.041822501240064903
56,0.7382073812511923,0.08600325826833155,0.0352196213591057
56,0.7380518986792497,0.0853288201706731,0.035256568151656786
56,0.7372527506404831,0.08472783358644927,0.0353105673682898
56,0.7380199434608279,0.0853258357557154,0.03525751546355805
56,0.7367599291480889,0.08485968472801714,0.035322703885025585
56,0.7380540267898075,0.0857976513459448,0.03523348479089793
56,0.7380540267898075,0.08580132707219759,0.035233301991626595
56,0.7388661501196028,0.08613766452834391,0.03518748724489486
56,0.738804739037192,0.08632082303851356,0.03518084417313231
57,0.7369462554468009,0.0027240976852893617,0.04176154795437936
57,0.7369462554468009,0.0027186391930943354,0.041761555751980636
57,0.7651126504471312,0.04678749621528077,0.03796661363202662
57,0.7648301372939323,0.04678749621528077,0.037971401020784605
57,0.7659793702229158,0.04677556343732903,0.0379513741035854
57,0.7820195341545622,0.12228312477595814,0.033795903417846315
57,0.7674107297596545,0.0470729015652202,0.037869090739040746
57,0.8449069829375894,0.13491388556098277,0.034721441745417476
57,0.7651666273340492,0.04675524173046164,0.03796971001308932
57,0.7659346415721805,0.046754901234589974,0.037956793300551
57,0.7820299611508921,0.12228312477595814,0.03379593365781881
57,0.8453553606670183,0.13555535869813767,0.03473741577490852
57,0.7653235402857859,0.04678932747357285,0.03796279291069369
57,0.8455236080538211,0.13537416217105971,0.034741086452490993
57,0.7663759955717183,0.04706290263731136,0.037894502716198375
58,0.8172016721413087,0.013466202486169183,0.04024882906355105
58,0.7820721712938109,0.12228312343358994,0.03379606041675189
58,0.6686828856333179,0.08405282571367867,0.03951203647074718
58,0.7122415412745657,0.12062036365728601,0.034983055190052445
58,0.7126568021657217,0.12029142556256549,0.03497476089152508
58,0.7111418628712431,0.12170873184979134,0.034968763451004484
58,0.7904433288715149,0.02552254397213468,0.03961195983344524
58,0.6669263384426065,0.08402610805118349,0.03964937513852472
58,0.6696811482102564,0.0845859616040248,0.03934828369647463
58,0.6654272715897265,0.08401913617991762,0.039796910159197785
58,0.7791867396086394,0.13346226649565032,0.03387547548750363
58,0.6695142017901713,0.08480109511872469,0.03937766266268917
58,0.7913611519694185,0.02620705565551645,0.03948461706947139
58,0.7119455000418016,0.12032455104902114,0.03499690322398521
58,0.6660766535690171,0.08372848088410156,0.03977670142758457
59,0.9099255713780413,0.0012240894396893115,0.043548297635377105
59,0.7820447031223459,0.12228312407479515,0.03379597655868528
59,0.7415018525678743,0.15524127306800084,0.03457012813090232
59,0.7417478269606593,0.16228491716271237,0.03470902405441958
59,0.7820303745663412,0.12228312343358994,0.03379593486224911
59,0.741492568676571,0.1601841320138313,0.0346547927223752
59,0.7414921675462218,0.1578661458156526,0.034614908752609315
59,0.7417447691594093,0.159798940678272,0.03466605646390796
59,0.7415623760898826,0.1627833408846473,0.03469865913874824
59,0.7761073617069246,0.12464197372073202,0.03386159318558687
59,0.7376023811409382,0.12917768476877695,0.034331684318125215
59,0.7379560262972236,0.12911382309836078,0.03432345095300818
59,0.775441009240241,0.12458831377179136,0.03387514360905739
59,0.7414921675462218,0.15803405344337243,0.03461789442151027
59,0.7415623760898826,0.15660178383946569,0.034592100791455686
60,0.7780261538492717,0.14581367246008123,0.03402032469701386
60,0.7820195623940341,0.12228161726469323,0.033795897901677266
60,0.7787246827998532,0.11969259986624194,0.033848150918837486
60,0.6386758031869157,0.005771664927532373,0.04542929666309782
60,0.7778688483769405,0.14660459994207045,0.03403257949786626
60,0.7780163274938274,0.14676685588695287,0.034032484584495204
60,0.6389333163287858,0.0057770593434186,0.045423781418295076
60,0.7631185722701357,0.14645730799752626,0.034209135649748035
60,0.7784840057007905,0.1192510596908653,0.033855126921152286
60,0.6385729092819867,0.005778191497521751,0.04543503129945316
60,0.7855140548359143,0.11785686883274048,0.03388875332769432
60,0.7779894148016948,0.14666324176891724,0.03403154876402671
60,0.7820671309439449,0.12236807471928303,0.033796351628292386
60,0.7781054792527023,0.1478213710721216,0.034044895836672
60,0.7631185722701357,0.14728505019952115,0.034220429100565795
61,0.856301544183942,0.006500128914503207,0.04143558693984756
61,0.7820660135789035,0.12228161841630936,0.03379603570044602
61,0.8558807788609761,0.006500416842627562,0.041422277864188596
61,0.7863799426027789,0.11269026045656441,0.03400835891119909
61,0.8135824633912386,0.04281254453835424,0.03800529273950449
61,0.8141240556578483,0.04201845124237308,0.03809963139143603
61,0.8141265009158686,0.04201845124237308,0.03809960236755105
61,0.7863824867540733,0.11289964368509138,0.034003475528402015
61,0.8140226572230171,0.042531590089456846,0.038055256004513996
61,0.7863478530205625,0.11269001772395972,0.0340077473223605
61,0.7863787601732734,0.11302190971370285,0.03400059598742881
61,0.7863749673186371,0.11264708671454197,0.03400928750056054
61,0.7862878627977212,0.11280544941359992,0.034003829846982254
61,0.7863799426027789,0.11230316323212283,0.03401775905273654
61,0.814390521744786,0.04163731712567831,0.037903319051265046
62,0.7336460266476996,0.017199503539020385,0.04076468927185349
62,0.78201994280466,0.12228161841630936,0.03379589900037121
62,0.7727292782464826,0.12159136655666107,0.03399992602157208
62,0.8297902903113193,0.032819455248350636,0.038466388616187015
62,0.7481634458929635,0.03418433722477327,0.039171877139868604
62,0.7336988336400216,0.017192087336444877,0.040763769312651806
62,0.829791357309758,0.032819455248350636,0.038466385592658324
62,0.7312839294721051,0.06145092817685274,0.03757207500678127
62,0.7777504692816444,0.0764681680027729,0.035042748652768206
62,0.7778790294927973,0.07657338262094332,0.03503071281143226
62,0.7307311829933634,0.060620478448311,0.03771386845157664
62,0.8417617453231905,0.09047438918277519,0.035220163153764264
62,0.8303574847027595,0.0327848065597093,0.03846988542405965
62,0.830698898104603,0.03262065488536044,0.038105149192800676
62,0.7310350783876234,0.06084048320447401,0.03765730890759152
63,0.7820195555686951,0.12226187259705512,0.03379629153776539
63,0.7820279249285792,0.12228161841630936,0.03379592211992584
63,0.8757836769031176,0.019852989115174392,0.040191444713335224
63,0.838559965599016,0.11235993250000981,0.03462058277755079
63,0.8381522699237275,0.11203812600558176,0.034618532313777796
63,0.881312066208305,0.040139028424481166,0.03862989688234653
63,0.8768111273275622,0.019874245214400833,0.04019950202111346
63,0.8381500768720169,0.11159189396573013,0.034628509123575645
63,0.8307737636529241,0.05385196946482228,0.03641092850287268
63,0.8381730206459573,0.11256532055565205,0.034604988033085225
63,0.8308729720163516,0.05401981400780518,0.036399138360203795
63,0.8802891512087704,0.04030148772874664,0.038576398568266425
63,0.838559965599016,0.11150724139941481,0.03463925492069569
63,0.8383170528000309,0.11160432315544402,0.03463177033618807
63,0.8385516780722407,0.11157336169794443,0.03463754802361896
64,0.7602939847242173,0.006109823634457676,0.041059738624886384
64,0.782040635339811,0.12228161841630936,0.03379595909223142
64,0.7512985950037451,0.09782509404827865,0.03457978279220436
64,0.7512436446389588,0.09792892348184469,0.034577300598283726
64,0.7549685937377357,0.09973268253827869,0.03450489720967695
64,0.7523999034508898,0.09853046794996098,0.03454924922390538
64,0.7523765612697467,0.09804681654494046,0.03456700140900592
64,0.7503890892755781,0.09764851904046543,0.034652546021238774
64,0.7836807677199148,0.12290076472094173,0.03380959515398194
64,0.7502058322107444,0.09732103281944363,0.034663240223924766
64,0.7509259201891373,0.09742283387139986,0.03462654968695879
64,0.7503583477370714,0.09744398471559845,0.03465862391795519
64,0.7837210788785202,0.12283177918361235,0.03380974478836921
64,0.7834149426076279,0.12260253657330333,0.033805788908462954
64,0.7542811329588072,0.09924357196897986,0.03453988481806245
65,0.7807250847671933,0.12872322118668367,0.03382966646280083
65,0.7820437576553388,0.12234138322427995,0.03379618659690193
65,0.9499947480286185,0.03370380317270988,0.04257965938991242
65,0.7820195555686951,0.12228161841630936,0.033795897886320626
65,0.8587819140048941,0.02942748892205924,0.038807683213239345
65,0.7811126011343622,0.12898798705403583,0.03383065138267042
65,0.7603141124597751,0.12797003857133626,0.03406023241223438
65,0.7816530392983444,0.12240518924013562,0.033796675725163296
65,0.7642221214652207,0.12134464944298708,0.034028682280294424
65,0.9495559960635498,0.03388787138941463,0.04251067337959986
65,0.9499788304939032,0.03362790739515996,0.04258183740903866
65,0.9499879369760781,0.03338773165510598,0.04259599957258287
65,0.7807561791763377,0.12871777269738938,0.03382954712257481
65,0.7614095676487882,0.13265630060988304,0.034092473394116286
65,0.7642265045939504,0.12134472429829046,0.03402870069112835
66,0.6310242143658106,3.444549967884655e-08,0.04547275536013272
66,0.7828740776741908,0.1244137936929621,0.03380875524516459
66,0.73698989641264,9.121436928169267e-09,0.04212565254018138
66,0.73698989641264,5.4546000075288405e-09,0.04212565223785714
66,0.6310733664965407,2.019623438495721e-10,0.045469462439361584
66,0.6310165850167552,1.710860113620632e-11,0.045473150484459525
66,0.6315419977275011,1.6241562186223059e-09,0.04545664852729865
66,0.6317514673311906,9.432858217025912e-10,0.04544533574970439
66,0.6317079681006142,1.094302938118231e-08,0.04544760104357824
66,0.6317148522495163,8.166958443350421e-09,0.04544724082168537
66,0.6314348512968707,1.1016084218241846e-09,0.04546229348500142
66,0.6310141462217618,4.049263998876787e-09,0.04547328226110935
66,0.6317241042998935,3.280177920686154e-08,0.04544676753349604
66,0.6317649282599661,9.394592406492286e-09,0.04544463878358084
66,0.73698989641264,1.3409909778804462e-09,0.04212565189873594
67,0.8872498046952323,0.07081085109533128,0.03677124626333215
67,0.8868702782274083,0.07083475640467521,0.036751988594935815
67,0.863704183293463,0.06469782167286071,0.03594476655799476
67,0.8861340145881743,0.07104961822203386,0.03671631390618322
67,0.6383940381981867,0.02367796902185539,0.045073381151657786
67,0.8233140626362584,0.0754409389172631,0.03541068321774049
67,0.886286801348328,0.07094509059322501,0.036723266542184586
67,0.7820652829832192,0.12228161841630936,0.033796033442355634
67,0.8231866945541736,0.07578338322851619,0.03540954571783489
67,0.639483811678269,0.023783219814221754,0.045077176875073406
67,0.8633134349537659,0.06470234985383003,0.03593834159033114
67,0.8634429207585841,0.06439987274980556,0.035961368785957924
67,0.8636927942066491,0.06431276443408024,0.03597341799919391
67,0.8585765678780048,0.05392175027886057,0.036928289689645045
67,0.6394644180217891,0.02379200901242436,0.045085861711212476
68,0.8142234921975773,0.0035612947468969206,0.04111426768687997
68,0.7820810585585827,0.12227867462684093,0.033796071820522175
68,0.8169626815695114,0.028717071973233785,0.038991027042860706
68,0.7814640949744075,0.12233502328336252,0.033796205808450046
68,0.7794237401014438,0.12632503420253097,0.03382261778118525
68,0.8022449873225239,0.0847543402945659,0.03541540234585576
68,0.8167881951909599,0.028579751205561228,0.039032444306690936
68,0.8026875806430194,0.0838507577257956,0.03543129489847384
68,0.814216607601705,0.0035612947468969206,0.04111424242403321
68,0.8176113197930711,0.02851454189697059,0.03901932367147406
68,0.8023327238919179,0.0842224717760565,0.03542548698129551
68,0.8020737218586016,0.08564252148682777,0.03539368746201093
68,0.8019450490212299,0.08577060177262125,0.03539108827992161
68,0.8019955209861362,0.084152932501727,0.03542897056900088
68,0.7820095362422288,0.1222818575716191,0.03379587044491194
69,0.7873311412740972,0.09458188135824275,0.03449932098863467
69,0.782034441723046,0.12228185683488846,0.03379594210050895
69,0.7065527562128138,0.09148698018709286,0.03677038663042932
69,0.7873361138726009,0.01091034015899997,0.04068630119357615
69,0.7881332719293922,0.09457329708132305,0.034520899244406364
69,0.7875628235136833,0.09471621083877758,0.034502389096054346
69,0.707319870183026,0.09208477547821116,0.03672054098436989
69,0.7875124060441124,0.09456484313270426,0.03450471600550166
69,0.7073341603743521,0.09192050052549454,0.03672590765196363
69,0.7878514247225332,0.09457412964480273,0.034513133857417055
69,0.708015321665212,0.09179281342635875,0.036703013841324406
69,0.7877055150371723,0.010933950730446586,0.04068670388746772
69,0.7070301672823274,0.09201543433043692,0.03674935556491712
69,0.7070388752612815,0.09185996976059234,0.03675457738040957
69,0.7070162154251862,0.09151413315630663,0.03675466400582037
