iters,params_res,params_f,objs
0,0.71500003,0.4,8648241.366780942
0,0.8225,0.2,4911.247221246834
0,0.6075,0.6,5.673629704459959e+38
0,0.66125,0.3,7940.769165508954
0,0.87625,0.7,inf
0,0.76875,0.1,941.467041881898
0,0.55375,0.5,42319695.778810665
0,0.580625,0.25,1434.0868985687891
0,0.795625,0.65000004,inf
0,0.90312505,0.05,989.317619004147
1,0.5000181881622078,0.01030493404273257,1686.1337911161277
1,0.5000484930267135,0.022451787125719977,1526.9941208095286
1,0.5000813302467224,0.022451787125719977,1526.6562856058492
1,0.5004350293484735,0.05219726803423755,1241.2470989521696
1,0.6881250143051147,0.45000001788139343,574741299.012548
1,0.6343749761581421,0.15000000596046448,915.407350137037
1,0.5003899498312637,0.011212010286636334,1668.7076002909243
1,0.5000071816819147,0.03791978236431144,1364.5160788670391
1,0.5004331750274457,0.05221070630773218,1241.1579327859272
1,0.5000185260647924,0.007128502199211996,nan
2,0.6718685378959132,0.0008840358040019434,781.5186904306793
2,0.6902401213210495,0.0008429659660384049,757.799650433392
2,0.8309897527416921,0.04294648994464616,884.5207690590929
2,0.7688683374622034,0.007754668700104513,868.1310549920648
2,0.6400309066854007,0.00019586810643991773,837.9824581259068
2,0.7996094062154234,0.0027447174259522134,686.3671432402809
2,0.765456535731941,0.00752481958899716,nan
2,0.6795862401421671,0.007226922150211376,nan
2,0.6890299591725474,0.006798959667559119,nan
2,0.6698882647428089,0.01586975975487039,920.3650437349438
3,0.5001308087932658,0.20568464767067668,932.2718645040468
3,0.5006634289100977,0.2079423960802591,933.5652445311814
3,0.501967860321141,0.19358248635336656,927.2027492786553
3,0.560741333436672,0.1589176068230697,887.7449504472888
3,0.500093496054872,0.18632553780393485,916.6428909663965
3,0.560741333436672,0.13378454101146076,870.9860354117415
3,0.7086421092994859,0.05700652359759198,849.3638236982542
3,0.5001217394023421,0.1834473056705415,914.3916829357055
3,0.5003355783253178,0.18513856490659128,915.583528463535
3,0.7694408943626605,0.0043224558054952645,693.2518545186235
4,0.9276973624160006,1.4455622657726956e-07,710.5178799524986
4,0.8224408559569941,0.0001222815234771733,684.7224870783514
4,0.8158662966909572,0.0008186293739740498,685.1864271919188
4,0.8598283449657618,0.0007534165531572428,686.0915656738322
4,0.8110079663748829,0.0022116562286899704,685.0288253295536
4,0.9276973624160006,4.008683322281193e-05,710.5697406802806
4,0.9252298239209193,0.0018823506644932739,711.6526305668853
4,0.8393317944147527,0.0023558971293183824,683.9009246793264
4,0.8192576657190916,0.002364616300422589,684.1139433191628
4,0.9220468288595234,5.9432462988352825e-05,707.3303742630985
5,0.8241911419279104,4.186669970107047e-06,684.5670713565796
5,0.8593395105961663,4.186669970107047e-06,685.7614419206573
5,0.8331820459045503,9.449938656830778e-05,684.1029784491351
5,0.8067207769267981,1.6701068580301575e-05,686.7618286306068
5,0.8080448431208592,1.4902797003672744e-05,686.5306956407273
5,0.7976305379373707,3.4485167516309586e-05,688.7007777210559
5,0.8493750095367432,0.550000011920929,1.313306677049945e+74
5,0.8063783459570274,1.873229162327682e-05,686.8295343288205
5,0.7418749928474426,0.3499999940395355,587913.7214684696
5,0.7861323874344966,2.1021633059351198e-05,691.8831396076692
6,0.652044223012472,0.07860592700669863,849.7367681900653
6,0.8291502702208444,0.09852649785573568,1062.0346564619222
6,0.7076049946630961,0.07860592700669863,851.8314290683215
6,0.7155377866512744,0.09175122524378085,867.1199007603589
6,0.6795182297290824,0.7425912132002108,inf
6,0.6814256652478623,0.6751885266594014,2.2997820986601545e+179
6,0.7272808590498008,0.04236718384411421,853.0145459674014
6,0.6970359687053026,0.042287844754130055,859.7246749195147
6,0.6600218081348527,0.7193569260432675,inf
6,0.9027452598700471,0.7826055972525129,inf
7,0.8595991134643555,0.7385252118110657,inf
7,0.736685675543404,0.16961228653917904,1356.6401571402273
7,0.5263569801684561,0.615421464284214,3.235463131804623e+23
7,0.9084348370219187,0.6563298106193542,inf
7,0.8433002168709945,0.628141372861563,inf
7,0.507606902063055,0.017269117089368277,1512.2618599907767
7,0.7948649086797432,0.29223240266466705,86829.07669997677
7,0.7249387447152073,0.028356401430583517,862.4348346742057
7,0.6869096243018313,0.03899145141965732,867.5365452711263
7,0.7185111871730245,0.7726090745316299,inf
