**************************************************parameters**************************************************
[array([0.75  , 0.875 , 0.625 , 0.6875], dtype=float32), array([0.5  , 0.25 , 0.75 , 0.375], dtype=float32)]
[array([0.50001491, 0.53950874, 0.51632623, 0.50019651]), array([0.99999835, 0.99998797, 0.99980672, 0.99999214])]
[array([0.5558609 , 0.53815836, 0.5428994 , 0.5469073 ]), array([0.99809341, 0.99978587, 0.99996119, 0.99982468])]
[array([0.56963497, 0.55501381, 0.55216697, 0.56416422]), array([0.85849061, 0.09145387, 0.54579313, 0.73853211])]
[array([0.54589981, 0.55221595, 0.55252265, 0.54989911]), array([0.01484101, 0.23991308, 0.41481115, 0.21579278])]
[array([0.56609304, 0.55610872, 0.55302136, 0.5592889 ]), array([0.06500977, 0.21320962, 0.22455786, 0.16965607])]
[array([0.5002486 , 0.54315694, 0.51059952, 0.53784036]), array([0.28809108, 0.25548863, 0.27526258, 0.26520359])]
[array([0.55218566, 0.55185599, 0.55307532, 0.5518796 ]), array([0.614979  , 0.34628033, 0.07728985, 0.04573884])]
[array([0.5527228 , 0.55163965, 0.5000243 , 0.50712218]), array([7.24172751e-06, 3.07570307e-01, 2.57863964e-07, 5.20577355e-11])]
[array([0.99990942, 0.55141169, 0.55141635, 0.99955648]), array([1.76496942e-07, 5.83734274e-01, 4.80936755e-01, 6.70148034e-05])]
[array([0.55683493, 0.55163959, 0.55136329, 0.55718413]), array([0.05335302, 0.30250823, 0.27513872, 0.0166725 ])]
[array([0.56315079, 0.55148039, 0.56212306, 0.55393597]), array([0.31595123, 0.32755304, 0.3169219 , 0.30757031])]
[array([0.55152772, 0.55151828, 0.59820986, 0.55145401]), array([0.32807985, 0.31129637, 0.00079007, 0.31111035])]
[array([0.55160785, 0.55170743, 0.57347074, 0.55163734]), array([7.46844909e-01, 6.34975216e-01, 4.42737529e-04, 8.00600949e-01])]
[array([0.6142331 , 0.55165039, 0.55152734, 0.55066435]), array([8.01281367e-05, 8.67348111e-01, 7.32097476e-01, 6.38629191e-01])]
[array([0.55184528, 0.55178575, 0.55170747, 0.5517268 ]), array([0.65314499, 0.6025046 , 0.58192447, 0.60000164])]
[array([0.50515419, 0.55170745, 0.55170745, 0.51250288]), array([0.84462119, 0.55939521, 0.56951898, 0.67977877])]
[array([0.55169801, 0.55169805, 0.55169845, 0.55169934]), array([0.0932968, 0.4189607, 0.1003581, 0.1001766])]
[array([0.55170745, 0.55170736, 0.55170745, 0.55170745]), array([0.12320874, 0.51712706, 0.11316434, 0.4878843 ])]
[array([0.55179489, 0.55170508, 0.55170745, 0.55170799]), array([0.11176186, 0.12347792, 0.12345909, 0.11746956])]
[array([0.55161775, 0.55170181, 0.55167042, 0.55163116]), array([0.11094188, 0.11491797, 0.11307265, 0.11947769])]
[array([0.5517078 , 0.5517227 , 0.55173821, 0.55170798]), array([0.1195607 , 0.11680811, 0.11160618, 0.92436464])]
[array([0.55157251, 0.55171188, 0.55171148, 0.55171151]), array([0.10791768, 0.17148624, 0.57528454, 0.54359497])]
[array([0.55170802, 0.55170852, 0.55170799, 0.55170462]), array([0.13460205, 0.40549543, 0.17782245, 0.40554379])]
[array([0.55170804, 0.55170805, 0.55170827, 0.55170804]), array([0.13475187, 0.80994183, 0.13524908, 0.14931302])]
[array([0.55170793, 0.55170768, 0.55170613, 0.55170821]), array([0.15136547, 0.14259243, 0.16086556, 0.15437045])]
[array([0.55170822, 0.55170822, 0.55170822, 0.55170822]), array([0.13752131, 0.14210712, 0.15446332, 0.17148555])]
[array([0.55170841, 0.55170857, 0.55170857, 0.55170805]), array([0.16717923, 0.14092903, 0.14147418, 0.15755883])]
[array([0.55171054, 0.55170822, 0.55170822, 0.55170822]), array([0.0917421 , 0.14686319, 0.13698391, 0.13366925])]
[array([0.50032612, 0.55170822, 0.55170822, 0.55170822]), array([0.01094128, 0.17633469, 0.21310632, 0.36474104])]
[array([0.50000981, 0.55170822, 0.50000006, 0.55170822]), array([0.92489253, 0.20387919, 0.99981851, 0.83038185])]
[array([0.61326452, 0.55170822, 0.55170822, 0.55170822]), array([5.35155362e-07, 2.54667683e-01, 9.46323522e-02, 3.94584330e-02])]
[array([0.55170534, 0.55170536, 0.55170828, 0.55170536]), array([0.19580582, 0.15713006, 0.16182894, 0.16513488])]
[array([0.55169887, 0.55169883, 0.55170815, 0.55170815]), array([0.28742794, 0.29459341, 0.15804688, 0.1669657 ])]
[array([0.55170083, 0.55170822, 0.55170668, 0.55170685]), array([0.36054523, 0.15159955, 0.28700375, 0.12832556])]
[array([0.52783274, 0.55170822, 0.50721115, 0.58491991]), array([2.20037235e-08, 1.49650366e-01, 2.02119766e-08, 1.47773115e-07])]
[array([0.54384591, 0.55170822, 0.55170914, 0.5517092 ]), array([2.28288471e-08, 1.48092275e-01, 5.51413708e-01, 4.75908517e-01])]
[array([0.55170822, 0.55170822, 0.55170822, 0.55170822]), array([0.1358355 , 0.15507486, 0.18249073, 0.18580361])]
[array([0.55170667, 0.55170822, 0.55170655, 0.55170651]), array([0.08833098, 0.59198046, 0.08139532, 0.08833098])]
[array([0.55170309, 0.55170822, 0.5517082 , 0.55170822]), array([0.15063766, 0.15842396, 0.14746922, 0.88570989])]
[array([0.5067295 , 0.55170822, 0.53963931, 0.55170822]), array([3.67129430e-07, 1.45123010e-01, 8.42575561e-08, 1.40203063e-01])]
[array([0.55170393, 0.55170822, 0.55170392, 0.55170393]), array([0.08333402, 0.24039438, 0.10875464, 0.09211292])]
[array([0.61947274, 0.55170822, 0.55170822, 0.66395659]), array([4.64034592e-07, 1.46976201e-01, 1.85930190e-01, 2.01309901e-08])]
[array([0.55171018, 0.55170822, 0.55171006, 0.5517039 ]), array([0.39378246, 0.16752871, 0.20997774, 0.69335483])]
[array([0.55170056, 0.55170822, 0.55170822, 0.5516999 ]), array([0.09607718, 0.14548335, 0.1378785 , 0.36121105])]
[array([0.55172506, 0.55170822, 0.55170939, 0.55170941]), array([0.2664213 , 0.14746922, 0.11209991, 0.12053698])]
[array([0.57047161, 0.55170822, 0.524336  , 0.52469164]), array([2.60508347e-07, 1.81886908e-01, 3.11292139e-07, 1.06713006e-08])]
[array([0.5       , 0.55170822, 0.50000003, 0.55170822]), array([0.79088891, 0.14307469, 0.6895802 , 0.26405401])]
[array([0.55172381, 0.55170822, 0.55172381, 0.55170822]), array([0.39003346, 0.15970044, 0.35417579, 0.14229548])]
[array([0.55172585, 0.55170822, 0.55170822, 0.55172596]), array([0.10302272, 0.15576641, 0.27188857, 0.11599957])]
**************************************************Loss**************************************************
[[ 8.36028619]
 [12.45049728]
 [ 3.39853786]
 [ 6.00167111]]
[[2.64734496]
 [0.60610977]
 [1.78950924]
 [2.63772779]]
[[0.20339231]
 [0.67398074]
 [0.43659422]
 [0.23672989]]
[[0.86736581]
 [0.04091393]
 [0.02253342]
 [0.60575538]]
[[4.0455558 ]
 [0.02493788]
 [0.03999141]
 [0.08895772]]
[[0.73088377]
 [0.21548661]
 [0.06449767]
 [0.36989101]]
[[2.63489821]
 [0.42376522]
 [2.08842539]
 [0.68993114]]
[[0.02345102]
 [0.00726135]
 [0.78120688]
 [2.3782248 ]]
[[4.34693001e+00]
 [3.36787715e-03]
 [6.88182246e+00]
 [6.53223623e+00]]
[[11.74178929]
 [ 0.01451545]
 [ 0.01428617]
 [11.73657704]]
[[1.76744235e+00]
 [3.37063250e-03]
 [1.68944394e-02]
 [3.42548556e+00]]
[[0.556855  ]
 [0.01119476]
 [0.50727113]
 [0.10929916]]
[[0.00886853]
 [0.00933232]
 [2.24274936]
 [0.012491  ]]
[[4.93037117e-03]
 [3.75079772e-05]
 [3.36792834e+00]
 [3.48139076e-03]]
[[1.57592389]
 [0.0028401 ]
 [0.00888716]
 [0.05127367]]
[[6.73498095e-03]
 [3.81058311e-03]
 [3.52762352e-05]
 [9.14459041e-04]]
[[2.37492850e+00]
 [3.64976549e-05]
 [3.64976549e-05]
 [1.98892408e+00]]
[[0.06949608]
 [0.00049821]
 [0.00047865]
 [0.00043458]]
[[3.64976549e-05]
 [4.08573391e-05]
 [3.65019255e-05]
 [3.64982345e-05]]
[[4.25961060e-03]
 [1.52878426e-04]
 [3.64976549e-05]
 [9.62022440e-06]]
[[0.004444  ]
 [0.00031364]
 [0.00185598]
 [0.00378506]]
[[1.91882933e-05]
 [7.12839446e-04]
 [1.47478969e-03]
 [1.01403508e-05]]
[[0.00666713]
 [0.00018112]
 [0.00016187]
 [0.00016314]]
[[8.19075203e-06]
 [1.63830808e-05]
 [9.94837470e-06]
 [1.75381744e-04]]
[[7.35177235e-06]
 [6.62156285e-06]
 [3.89590053e-06]
 [7.18682941e-06]]
[[1.28653118e-05]
 [2.51199733e-05]
 [1.01429753e-04]
 [1.03951959e-06]]
[[1.57400058e-06]
 [1.57400058e-06]
 [1.57400058e-06]
 [1.57400058e-06]]
[[1.07854850e-05]
 [1.85207618e-05]
 [1.85207618e-05]
 [6.61092523e-06]]
[[1.20060232e-01]
 [1.57646843e-06]
 [1.57400058e-06]
 [1.55102569e-06]]
[[6.44849307e+00]
 [1.57400058e-06]
 [1.57400058e-06]
 [1.57400058e-06]]
[[2.64761691e+00]
 [1.57400058e-06]
 [2.64813672e+00]
 [1.57400058e-06]]
[[1.62069712e+00]
 [1.57400058e-06]
 [4.46659467e-02]
 [2.67563785e+00]]
[[1.39802749e-04]
 [1.39138238e-04]
 [4.64270511e-06]
 [1.39070972e-04]]
[[4.57908498e-04]
 [4.59766019e-04]
 [1.92967050e-06]
 [1.97936737e-06]]
[[3.61356153e-04]
 [1.64679500e-06]
 [7.42090134e-05]
 [6.59132096e-05]]
[[5.52594526e+00]
 [1.57400058e-06]
 [6.52786933e+00]
 [2.87368833e+00]]
[[4.76417616e+00]
 [1.57400058e-06]
 [4.67245512e-05]
 [4.98247230e-05]]
[[1.57400058e-06]
 [1.57400058e-06]
 [1.57400058e-06]
 [1.57400058e-06]]
[[2.88009044e-01]
 [1.57400058e-06]
 [6.45037687e-01]
 [2.88017751e-01]]
[[2.50392275e-04]
 [1.63528179e-06]
 [5.31591041e-07]
 [1.57400058e-06]]
[[6.55152480e+00]
 [1.57400058e-06]
 [4.96211057e+00]
 [1.57400058e-06]]
[[5.43944812e-01]
 [1.57400058e-06]
 [2.09722315e-04]
 [1.05941949e-01]]
[[1.35272565e+00]
 [1.57400058e-06]
 [1.57400058e-06]
 [5.13642292e-01]]
[[9.78017996e-05]
 [1.57400058e-06]
 [9.16925396e-05]
 [2.10974430e-04]]
[[2.20115938e-02]
 [1.57400058e-06]
 [1.57400058e-06]
 [4.07329710e-04]]
[[8.28910262e-04]
 [1.57400058e-06]
 [5.88531221e-05]
 [5.99644849e-05]]
[[3.53006151e+00]
 [1.57400058e-06]
 [5.69407866e+00]
 [5.67698821e+00]]
[[2.64813969e+00]
 [1.57400058e-06]
 [2.64813833e+00]
 [1.57400058e-06]]
[[7.67568944e-04]
 [1.57400058e-06]
 [7.67568944e-04]
 [1.57400058e-06]]
[[8.67792510e-04]
 [1.57400058e-06]
 [1.57400058e-06]
 [8.73216709e-04]]
