**************************************************parameters**************************************************
[array([0.05  , 0.075 , 0.025 , 0.0375, 0.0875, 0.0625], dtype=float32), array([0.7       , 0.6       , 0.79999995, 0.65      , 0.84999996,
       0.55      ], dtype=float32), array([0.25  , 0.375 , 0.125 , 0.3125, 0.0625, 0.1875], dtype=float32), array([0.7       , 0.6       , 0.79999995, 0.55      , 0.75      ,
       0.65      ], dtype=float32), array([0.25  , 0.375 , 0.125 , 0.4375, 0.1875, 0.0625], dtype=float32), array([ 0.  , -1.5 ,  1.5 ,  2.25, -0.75,  0.75], dtype=float32)]
[array([0.0125 , 0.01875, 0.06875, 0.09375, 0.04375, 0.03125],
      dtype=float32), array([0.75 , 0.625, 0.825, 0.525, 0.725, 0.575], dtype=float32), array([0.4375 , 0.15625, 0.40625, 0.28125, 0.03125, 0.46875],
      dtype=float32), array([0.84999996, 0.775     , 0.575     , 0.875     , 0.67499995,
       0.725     ], dtype=float32), array([0.3125 , 0.28125, 0.03125, 0.15625, 0.40625, 0.21875],
      dtype=float32), array([-2.25 , -1.875,  1.125, -0.375,  2.625,  1.875], dtype=float32)]
[array([0.03641992, 0.03632033, 0.03705816, 0.00279043, 0.03606214,
       0.03641992]), array([0.51507498, 0.52528849, 0.52636307, 0.52574399, 0.50057793,
       0.51507498]), array([0.14602686, 0.21681562, 0.08630409, 0.36621631, 0.30427062,
       0.14262598]), array([0.6225817 , 0.54317898, 0.56126943, 0.6782653 , 0.7682012 ,
       0.62335642]), array([0.1665347 , 0.17258894, 0.1644589 , 0.1637441 , 0.12298995,
       0.1665347 ]), array([2.94595896, 2.78298864, 0.53022783, 2.22464111, 2.99288815,
       2.94595896])]
[array([0.09453995, 0.09125896, 0.09972787, 0.09720077, 0.09543664,
       0.09375   ]), array([0.50125631, 0.50057774, 0.50418932, 0.50051391, 0.53243719,
       0.50073777]), array([0.49478662, 0.4998116 , 0.3265613 , 0.48950947, 0.49168778,
       0.37202782]), array([0.86053169, 0.88027349, 0.62594822, 0.7542502 , 0.87631748,
       0.62650141]), array([0.21216203, 0.18736116, 0.16252523, 0.18627985, 0.1779763 ,
       0.17405518]), array([2.72282405, 2.85688248, 1.33080219, 2.99636585, 2.4954523 ,
       2.55804481])]
[array([0.09426153, 0.09426748, 0.09429156, 0.09458011, 0.09401768,
       0.09424892]), array([0.50027777, 0.50015055, 0.50065953, 0.50129108, 0.50118222,
       0.50099247]), array([0.00802352, 0.00497503, 0.45596257, 0.49480391, 0.04721119,
       0.05389348]), array([0.89472755, 0.89998275, 0.89990359, 0.89983609, 0.88135862,
       0.89993488]), array([0.00906833, 0.18868567, 0.1758882 , 0.21216203, 0.16155758,
       0.15410979]), array([2.73244037, 2.62119354, 2.61718716, 2.74344577, 2.80536604,
       2.80177254])]
[array([0.09412699, 0.09900243, 0.09412738, 0.0941339 , 0.09413391,
       0.09359849]), array([0.50003977, 0.50007193, 0.50071777, 0.50006581, 0.50006581,
       0.50004668]), array([0.48640469, 0.49726509, 0.49311606, 0.48172803, 0.48161263,
       0.4890216 ]), array([0.84116144, 0.5117349 , 0.82057045, 0.84716155, 0.84716155,
       0.51170289]), array([0.18219556, 0.0019237 , 0.18180321, 0.19310389, 0.16774539,
       0.00474874]), array([ 2.19150249, -2.57876185, -2.9725843 ,  2.15797072,  2.15797072,
       -1.81076745])]
[array([0.00019769, 0.00160915, 0.0032667 , 0.00409197, 0.00193236,
       0.00116049]), array([0.50071463, 0.5007109 , 0.50070892, 0.50070903, 0.50120446,
       0.50070892]), array([0.49717051, 0.49986005, 0.4995765 , 0.49986005, 0.49977509,
       0.4995765 ]), array([0.86735499, 0.89212959, 0.88477919, 0.8881204 , 0.8940114 ,
       0.85289457]), array([2.49479891e-03, 1.24275357e-04, 6.58115999e-03, 1.62377862e-04,
       4.81719690e-05, 1.11630564e-02]), array([ 2.98296356,  2.62138332,  2.63113536,  2.92595731, -2.81040221,
        2.0582711 ])]
[array([0.09904152, 0.09873314, 0.09133746, 0.03990266, 0.07807449,
       0.08498814]), array([0.51865725, 0.51938358, 0.51920588, 0.50095839, 0.50078282,
       0.50097111]), array([0.49884323, 0.4514668 , 0.44950651, 0.49889835, 0.49186413,
       0.49963717]), array([0.80388122, 0.88480477, 0.88248858, 0.55786463, 0.82055803,
       0.53922666]), array([0.47390534, 0.19783919, 0.16424811, 0.48691921, 0.18570967,
       0.49734662]), array([-2.99616552, -0.69868794, -0.6572086 , -2.95496001, -1.14421766,
       -2.77159368])]
[array([0.09482953, 0.09419883, 0.09416378, 0.09420203, 0.09413252,
       0.09411026]), array([0.50133057, 0.50088563, 0.50088563, 0.5008945 , 0.50088351,
       0.50087105]), array([0.49954537, 0.4892389 , 0.48444451, 0.49098   , 0.49021707,
       0.49794283]), array([0.52794426, 0.81192872, 0.81535255, 0.83047621, 0.83220445,
       0.81135258]), array([0.0018629 , 0.18078033, 0.15062964, 0.17361354, 0.02970968,
       0.15085463]), array([ 2.90508078,  2.67913429, -0.3044972 , -0.62720794,  2.5846409 ,
        2.67913429])]
[array([0.09469964, 0.09468863, 0.09438794, 0.09206025, 0.09402417,
       0.09483165]), array([0.50133055, 0.50132281, 0.50133028, 0.50133057, 0.50132178,
       0.50133055]), array([0.4998112 , 0.49957284, 0.49999929, 0.4996624 , 0.49955437,
       0.49999825]), array([0.50012388, 0.50210108, 0.50410661, 0.50762247, 0.50106837,
       0.52787889]), array([0.00083007, 0.00136307, 0.00564875, 0.00291732, 0.01186112,
       0.00092624]), array([2.53649635, 2.97573763, 2.02244114, 2.81089486, 2.977475  ,
       2.90699151])]
[array([0.09487877, 0.09493848, 0.09523866, 0.09523866, 0.09565532,
       0.09521791]), array([0.50126951, 0.50128776, 0.5011354 , 0.5011354 , 0.50121051,
       0.50086286]), array([0.49986306, 0.49997644, 0.49989664, 0.49989664, 0.49999304,
       0.49830181]), array([0.52782768, 0.5190525 , 0.51712803, 0.51712803, 0.51129536,
       0.52221805]), array([0.01721849, 0.00216213, 0.00037072, 0.00037072, 0.00752795,
       0.00093445]), array([2.99364053, 2.67716055, 2.7662633 , 2.9857234 , 2.44102132,
       2.99502938])]
[array([0.09493775, 0.09486148, 0.09485824, 0.09481844, 0.09488271,
       0.09486148]), array([0.50170592, 0.50131193, 0.50169424, 0.50142134, 0.50128636,
       0.50170626]), array([0.26595817, 0.49810892, 0.4980506 , 0.49982471, 0.49654759,
       0.49450545]), array([0.52552011, 0.52074063, 0.51916715, 0.53213128, 0.51014309,
       0.51836054]), array([1.87880104e-03, 1.96966838e-03, 1.94047720e-03, 3.09517570e-03,
       2.07898745e-05, 5.42049479e-03]), array([2.83542168, 0.40015641, 1.69630032, 2.56892087, 1.84708558,
       2.8330736 ])]
[array([0.09464343, 0.09485756, 0.09464144, 0.09489372, 0.09466874,
       0.09485248]), array([0.50048621, 0.50145907, 0.50055832, 0.50134202, 0.50099424,
       0.50145803]), array([0.48969563, 0.47367764, 0.49361489, 0.43331594, 0.46420321,
       0.46590402]), array([0.50522627, 0.50411807, 0.52060904, 0.51794161, 0.50347993,
       0.50528482]), array([6.22464617e-05, 4.44810490e-03, 6.73273486e-04, 2.08644466e-03,
       5.03843937e-04, 1.14729003e-02]), array([-2.98474191, -2.85297516, -2.87673309, -2.40858194, -2.73673665,
       -2.9561585 ])]
[array([0.0950036 , 0.09488135, 0.09500321, 0.09485158, 0.09493624,
       0.09487332]), array([0.50158512, 0.50066568, 0.50010733, 0.50143588, 0.5004943 ,
       0.50016524]), array([0.47962928, 0.48049825, 0.4716532 , 0.46501401, 0.4971207 ,
       0.43864824]), array([0.51163303, 0.50620373, 0.5069261 , 0.50234256, 0.50133049,
       0.50060287]), array([0.00129159, 0.00764672, 0.00816445, 0.00290961, 0.00361756,
       0.00031231]), array([-2.99928529, -2.97404338, -2.99793685, -2.96299683, -2.98991667,
       -2.97359655])]
[array([0.09501769, 0.09488352, 0.09494243, 0.09493907, 0.09488263,
       0.09493907]), array([0.50039199, 0.5000402 , 0.50006108, 0.50005708, 0.50006151,
       0.50022562]), array([0.42571276, 0.43530487, 0.42558457, 0.43437797, 0.43887664,
       0.43437797]), array([0.51253666, 0.50002436, 0.50043328, 0.5399363 , 0.50005533,
       0.50004376]), array([2.91235533e-03, 2.84419539e-04, 2.73935494e-04, 2.63855035e-04,
       1.19300978e-05, 2.63855035e-04]), array([-2.97831494, -2.97832952, -2.97891817, -2.97832892, -2.9735282 ,
       -2.97832892])]
[array([0.09487591, 0.09487967, 0.09996323, 0.09507162, 0.09507162,
       0.09999618]), array([0.50014746, 0.50044106, 0.50041591, 0.50015852, 0.50018064,
       0.50041591]), array([0.44990486, 0.4377376 , 0.44024164, 0.43880329, 0.49265654,
       0.43923425]), array([0.51699525, 0.50364847, 0.55879007, 0.51499827, 0.50787985,
       0.50938561]), array([0.03284123, 0.00534397, 0.00238858, 0.00415657, 0.00434262,
       0.00238858]), array([-2.97359657, -2.97359657, -2.99998763, -2.97359657, -2.97359657,
       -2.9999647 ])]
[array([0.09485727, 0.09487396, 0.09487363, 0.09487334, 0.09487329,
       0.09487062]), array([0.50016487, 0.50016522, 0.50016522, 0.50016668, 0.50016522,
       0.50016522]), array([0.49543776, 0.45846885, 0.43797005, 0.46993885, 0.45711377,
       0.44247086]), array([0.52129067, 0.50063248, 0.50061858, 0.50044263, 0.51122426,
       0.51928136]), array([5.89078746e-05, 7.90555873e-06, 1.50029130e-04, 6.32429387e-05,
       7.36222317e-06, 6.13060851e-05]), array([-2.99053974, -2.9772337 , -2.97329157, -2.97383858, -2.9752131 ,
       -2.97406573])]
[array([0.09736568, 0.09487334, 0.09487334, 0.09487334, 0.09477737,
       0.09487334]), array([0.50001188, 0.50016665, 0.50016665, 0.50015526, 0.50000685,
       0.50016663]), array([0.49840511, 0.48336802, 0.47023239, 0.4694633 , 0.47013345,
       0.46845352]), array([0.5000002 , 0.50074862, 0.50039302, 0.50040215, 0.5000068 ,
       0.50033054]), array([3.09400057e-02, 6.32429364e-05, 1.28474362e-04, 6.32429364e-05,
       1.17288442e-04, 6.04670530e-05]), array([-2.99999597, -2.97383857, -2.98868167, -2.98783467, -2.99999871,
       -2.99368932])]
[array([0.09485884, 0.09485398, 0.09485646, 0.0948724 , 0.09487274,
       0.09487346]), array([0.50016467, 0.50016405, 0.50016322, 0.50017494, 0.50015154,
       0.50017172]), array([0.40323647, 0.46235791, 0.45880582, 0.46288816, 0.46503893,
       0.45532435]), array([0.50046227, 0.50006136, 0.50005669, 0.50001781, 0.50017935,
       0.50018664]), array([3.90652964e-05, 1.53472674e-04, 6.99686814e-05, 3.01898740e-04,
       3.06807467e-04, 9.61984084e-04]), array([-2.93269211, -2.97341016, -1.85367257, -2.57579711, -2.9805598 ,
       -2.9714403 ])]
[array([0.094898  , 0.09488651, 0.0948976 , 0.09489789, 0.09488726,
       0.0948734 ]), array([0.50021683, 0.50027109, 0.50038902, 0.50026806, 0.50017222,
       0.50033979]), array([0.49312197, 0.4522591 , 0.48289938, 0.48289938, 0.45098847,
       0.47328054]), array([0.50000293, 0.50032819, 0.50000674, 0.50000683, 0.5004831 ,
       0.5000032 ]), array([0.00100391, 0.00023841, 0.00034783, 0.00034783, 0.00016311,
       0.00029994]), array([-2.23102987, -2.60899559, -1.9922244 , -2.61481373, -2.59859656,
       -2.05618068])]
[array([0.09474736, 0.09486672, 0.09485038, 0.09486696, 0.0947824 ,
       0.09486694]), array([0.50017465, 0.5001749 , 0.50017261, 0.50007657, 0.5000626 ,
       0.50017553]), array([0.42188265, 0.45366044, 0.43403821, 0.41975774, 0.41611061,
       0.45130608]), array([0.5       , 0.50001763, 0.50001   , 0.50000708, 0.50000037,
       0.5000181 ]), array([1.43537314e-03, 3.65089611e-04, 1.12061806e-04, 1.51646577e-04,
       7.99754998e-06, 5.27586596e-03]), array([-2.57580483, -2.57715743, -2.53231825, -2.57721517, -2.57646989,
       -2.52821704])]
[array([0.09496821, 0.09487069, 0.09487067, 0.09492285, 0.09492223,
       0.09486973]), array([0.50001334, 0.50015415, 0.50015415, 0.50000088, 0.50000485,
       0.50001052]), array([0.45945287, 0.45124659, 0.43861776, 0.45077747, 0.44964069,
       0.45137792]), array([0.50001838, 0.50001592, 0.50001599, 0.50001259, 0.50311805,
       0.50000086]), array([0.04087492, 0.00164959, 0.00164959, 0.00545674, 0.0052705 ,
       0.00164959]), array([-2.69569273, -2.9812753 , -2.93770495, -2.96848507, -2.93252396,
       -2.98777935])]
[array([0.09486696, 0.09486729, 0.09486925, 0.09486695, 0.09486738,
       0.09486927]), array([0.50016993, 0.50008915, 0.50009131, 0.50016848, 0.50012943,
       0.50017229]), array([0.25297416, 0.43043882, 0.43796003, 0.4426745 , 0.43808968,
       0.45222917]), array([0.50001722, 0.50044734, 0.50046353, 0.50003181, 0.50057314,
       0.50008237]), array([0.00279632, 0.20152685, 0.18967365, 0.20390953, 0.1447808 ,
       0.00281948]), array([-2.87887443, -2.94399115, -2.89071809, -2.84472379, -2.99913188,
       -2.82938584])]
[array([0.09486701, 0.09486695, 0.09486695, 0.09486772, 0.0948665 ,
       0.09486617]), array([0.50022458, 0.50017569, 0.50020524, 0.50000907, 0.50001903,
       0.50016159]), array([0.06762214, 0.44401287, 0.30617968, 0.11878059, 0.32371685,
       0.27134207]), array([0.50000165, 0.50000482, 0.50000442, 0.50000436, 0.50000137,
       0.50000086]), array([0.02371259, 0.00513141, 0.00047895, 0.02673278, 0.00012832,
       0.00012933]), array([-2.95353058, -2.77397618, -2.52821708, -2.82202007, -2.9246881 ,
       -2.53587736])]
[array([0.09488446, 0.0948684 , 0.09487177, 0.09486693, 0.09486713,
       0.09487177]), array([0.50020819, 0.50020472, 0.50042834, 0.50021705, 0.50021142,
       0.50042834]), array([0.30633623, 0.28829685, 0.28351654, 0.27999228, 0.30167823,
       0.30215944]), array([0.50000285, 0.5000002 , 0.5000004 , 0.50000119, 0.50000079,
       0.50000197]), array([0.05496409, 0.0033897 , 0.00460935, 0.00231483, 0.00257736,
       0.01209388]), array([-2.9397522 , -2.9933655 , -2.91398579, -2.5070499 , -2.46911653,
       -2.91398579])]
[array([0.09486694, 0.0948674 , 0.09485976, 0.09486693, 0.09486693,
       0.09494097]), array([0.5002064 , 0.5002059 , 0.50021681, 0.50017707, 0.50021861,
       0.5001656 ]), array([0.28406644, 0.28445744, 0.28487853, 0.30297691, 0.2771467 ,
       0.30202487]), array([0.50115273, 0.50000214, 0.50074035, 0.50523842, 0.50000217,
       0.50000168]), array([0.03964613, 0.04412178, 0.0001058 , 0.00320423, 0.02332689,
       0.02333143]), array([-2.46988656, -2.94525816, -2.98513013, -2.98988214, -1.69327883,
       -2.97504143])]
[array([0.09487442, 0.09487058, 0.09487051, 0.09487013, 0.09486805,
       0.09486797]), array([0.50005511, 0.50014807, 0.50012503, 0.50018405, 0.50021158,
       0.50020806]), array([0.28399828, 0.28593712, 0.30432912, 0.28119727, 0.28119727,
       0.27918458]), array([0.50004461, 0.50000275, 0.50023695, 0.50041953, 0.50004471,
       0.50023412]), array([0.02352324, 0.01559698, 0.01165866, 0.00863304, 0.01099328,
       0.08682338]), array([ 2.47692133,  0.67580536,  1.15428222, -1.72017167, -1.72073798,
       -1.42112734])]
[array([0.09963289, 0.09486693, 0.09949166, 0.09486692, 0.09486693,
       0.09486693]), array([0.50021427, 0.50021938, 0.50901934, 0.50021864, 0.50020648,
       0.50021806]), array([0.00206527, 0.2771467 , 0.00057609, 0.42743598, 0.38446211,
       0.37215018]), array([0.50000415, 0.50008891, 0.50000926, 0.50000032, 0.50000166,
       0.50000168]), array([0.00600663, 0.03175462, 0.02068085, 0.00869813, 0.02236211,
       0.00933543]), array([-1.88827938, -1.90643128, -2.89860148, -2.46842267, -1.99586107,
       -2.10941469])]
[array([0.09492337, 0.09486693, 0.09492838, 0.09492944, 0.09492525,
       0.09493043]), array([0.5002193 , 0.50021908, 0.50021939, 0.50021939, 0.5002193 ,
       0.50028604]), array([0.27653205, 0.424533  , 0.36563244, 0.36526519, 0.29223003,
       0.26883656]), array([0.50015648, 0.50004908, 0.5001286 , 0.50010865, 0.50001044,
       0.50004923]), array([0.0786353 , 0.00610933, 0.00424256, 0.0532059 , 0.04223291,
       0.05298811]), array([-1.01251739, -1.89523711, -2.5002563 , -1.90053815, -2.07342756,
       -2.78742439])]
[array([0.09491682, 0.09486693, 0.09491453, 0.0949176 , 0.0949176 ,
       0.09486693]), array([0.50022403, 0.50021842, 0.50021627, 0.50022309, 0.50022309,
       0.50021924]), array([0.21250131, 0.2771467 , 0.21785233, 0.24912465, 0.21449234,
       0.37271578]), array([0.50001953, 0.50007952, 0.50002617, 0.50030767, 0.50028772,
       0.50004881]), array([0.03278111, 0.05770814, 0.03261444, 0.03636121, 0.03636121,
       0.05782831]), array([ 2.03477788, -1.90421912,  0.0797657 ,  2.01758091,  2.01758091,
       -1.93973905])]
**************************************************Loss**************************************************
[[206.95424645]
 [203.72204938]
 [320.90058064]
 [210.34755166]
 [279.81824632]
 [ 11.88367371]]
[[335.11361059]
 [171.60748244]
 [236.0527759 ]
 [  2.19625865]
 [286.43247503]
 [  6.17448565]]
[[  3.84179722]
 [  3.90679378]
 [ 10.22939881]
 [199.07766121]
 [  4.65195647]
 [  3.62144819]]
[[ 1.66575103]
 [ 8.75878551]
 [12.95315033]
 [11.06833433]
 [11.39033397]
 [ 2.43078717]]
[[ 51.90718627]
 [581.63281569]
 [  1.69410462]
 [  9.13060467]
 [ 23.25047342]
 [ 19.93763359]]
[[11.00757215]
 [11.22869363]
 [ 0.91636618]
 [11.27707524]
 [11.277077  ]
 [10.34385628]]
[[418.16212802]
 [180.37286904]
 [ 10.73892735]
 [ 21.59630571]
 [594.26586565]
 [503.69812507]]
[[ 16.59630721]
 [  1.7127971 ]
 [  9.15091653]
 [  4.82418987]
 [199.68125558]
 [ 12.61799875]]
[[0.42850591]
 [1.76332574]
 [1.40886065]
 [1.76371176]
 [1.14955844]
 [0.96020052]]
[[0.53279909]
 [0.47599399]
 [1.08603812]
 [1.36668302]
 [1.23888272]
 [0.42832813]]
[[ 0.48326473]
 [ 0.42234657]
 [10.4777138 ]
 [10.4777138 ]
 [ 1.58048681]
 [11.1274583 ]]
[[1.37590794]
 [0.33600401]
 [0.53408828]
 [0.43614056]
 [0.48403126]
 [0.53471788]]
[[9.59259981]
 [1.0873574 ]
 [9.73818193]
 [0.57842067]
 [8.72770101]
 [0.287507  ]]
[[2.55973289]
 [0.37419521]
 [0.37770805]
 [0.2859402 ]
 [0.1043127 ]
 [0.01439749]]
[[0.41751036]
 [0.11729632]
 [0.04280118]
 [0.04294157]
 [0.11903294]
 [0.05578361]]
[[ 0.14446697]
 [ 0.35746154]
 [10.5921469 ]
 [ 0.28970988]
 [ 0.27911958]
 [10.90610576]]
[[0.19173226]
 [0.01448147]
 [0.01443821]
 [0.01429005]
 [0.14615023]
 [0.14649148]]
[[10.3714024 ]
 [ 0.14625237]
 [ 0.01429165]
 [ 0.01516068]
 [ 0.05200968]
 [ 0.01429328]]
[[0.03679954]
 [0.17293419]
 [0.17333395]
 [0.01353614]
 [0.01536574]
 [0.01392066]]
[[0.12881223]
 [0.13443972]
 [0.10534447]
 [0.13271725]
 [0.12683428]
 [0.05830551]]
[[0.22858958]
 [0.01279661]
 [0.17178673]
 [0.01922009]
 [0.229365  ]
 [0.01277782]]
[[0.20974898]
 [0.01489816]
 [0.01489563]
 [0.12886423]
 [0.12924586]
 [0.02461962]]
[[0.01320666]
 [0.01830378]
 [0.01839504]
 [0.01331699]
 [0.01524363]
 [0.01332869]]
[[1.72674404e+01]
 [1.27665517e-02]
 [1.05137202e-02]
 [1.67952443e+01]
 [2.35472401e-02]
 [1.26343400e-02]]
[[0.03732021]
 [0.01074309]
 [0.35753826]
 [0.00961048]
 [0.01006588]
 [0.35753826]]
[[0.01042428]
 [0.01052184]
 [0.16965448]
 [0.14786296]
 [0.00949212]
 [0.05095991]]
[[0.02183162]
 [0.01534703]
 [0.01598889]
 [0.01254551]
 [0.01017397]
 [0.0104316 ]]
[[4.84383824e+00]
 [9.43339046e-03]
 [2.54153374e+01]
 [9.48781744e-03]
 [1.04170730e-02]
 [9.53412126e-03]]
[[0.02071739]
 [0.00945641]
 [0.14051034]
 [0.14037202]
 [0.14091168]
 [0.14530299]]
[[0.74195198]
 [0.00950654]
 [1.31921283]
 [0.14219875]
 [1.35715723]
 [0.00944385]]
