iters,params_res,params_f,objs
0,0.7,0.4,91.7276989519719
0,0.79999995,0.2,90.30436655815164
0,0.6,0.6,98.6636869304561
0,0.65,0.3,93.70478752684608
0,0.84999996,0.7,97.32501307281048
0,0.75,0.1,84.59495114812074
0,0.55,0.5,103.09314654147347
0,0.575,0.25,98.98316995050838
0,0.775,0.65000004,92.8667611059972
0,0.875,0.05,75.513994336173
1,0.8908444795874685,0.00016792101131238508,76.6122638719568
1,0.8915906192404469,0.00016792101131238508,76.54234630898907
1,0.8999431039649635,1.0193521754035631e-06,75.83013973170303
1,0.8869736161844923,5.896223643443568e-07,77.03896520390727
1,0.8989803966857014,0.0003319375974114762,75.79574497908511
1,0.878497638077683,0.00011423918091171023,77.80167694236367
1,0.8775574571627461,0.029592550982243365,74.25861956067362
1,0.8934256881670547,5.9103255062080906e-08,76.43619937741117
1,0.8999674452411426,7.43463006284945e-06,75.8255036363556
1,0.8999628808815218,7.149236378549148e-07,75.82842361014141
2,0.8999902319833092,0.023036742771718098,72.53513940061238
2,0.8998410261796526,0.02321125652687348,72.5529120734571
2,0.8800845557109161,0.02937364485513113,74.07140265075147
2,0.8999670173518816,0.01837273606823395,72.291142666114
2,0.6749999523162842,0.45000001788139343,93.18798205456538
2,0.8990125375062099,0.03282181535626659,72.19339921455474
2,0.8999960196265154,0.01549030855848967,71.90223672840426
2,0.899991748335285,0.026070841362854313,72.55084980210296
2,0.8999866612452845,0.02308444095363505,72.53673599106979
2,0.8999982710912989,0.026530175044114427,72.54631724889639
3,0.8999993998015835,0.014024900147564683,71.74227806898044
3,0.8999996802470656,0.009688979760397384,72.20777815607644
3,0.8999972990416599,0.011197577322680454,71.64136221418153
3,0.8999995778706041,0.00858716789137955,72.62195947079985
3,0.8999416043833982,0.009597156294464398,72.24692453889378
3,0.8999627341080855,0.015594534612689347,71.9192977724654
3,0.8999971793649574,0.011296124185347957,71.60414777302206
3,0.8999229229414891,0.013649525228449807,71.7157262911208
3,0.8999916879032718,0.015232395945675844,71.87013994089752
3,0.8999353434221341,0.013651553440913435,71.7147736009908
4,0.8999979118188213,0.012303715048674436,71.58158823275622
4,0.8999999477244074,0.012297392796955246,71.58084286433898
4,0.8867662643229198,0.012413084904014634,72.8066135779647
4,0.8999998895376685,0.012307780340041815,71.58176860228943
4,0.8933625172889585,0.01231734213904353,72.18912857280397
4,0.8999990189091365,0.012409790957415113,71.59089941648192
4,0.863090240710093,0.012116528382843567,75.35799794232665
4,0.8999982066997065,0.01228347219348334,71.57976760531551
4,0.8782480909975777,0.011683968831460436,73.76264530019766
4,0.8999742958514424,0.012392207432517116,71.59159066787912
5,0.8999997477094374,0.0123094958313496,71.58193349605223
5,0.8999987733444422,0.01246324076596507,71.5964028485862
5,0.8999981282136317,0.012464049589750743,71.59653312719578
5,0.8999999060977182,0.012178216433970651,71.57028518001796
5,0.8999992824124514,0.012235491374892316,71.57541803428525
5,0.8999998639401768,0.012446547107266613,71.59482572059983
5,0.89999857649446,0.012473940183076905,71.59736790926084
5,0.8999997240519103,0.012844532897401045,71.63285012113967
5,0.8999999050122421,0.012287184459256816,71.579942154675
5,0.8999977694586935,0.012119460135014746,71.56548314403565
6,0.625,0.15000000596046448,99.81872155080252
6,0.824999988079071,0.550000011920929,95.8781878837456
6,0.8999990312250167,0.01180127570773929,71.53289498552193
6,0.8999990561007122,0.011770771774376845,71.53018052675745
6,0.7250000238418579,0.3499999940395355,91.08262302560317
6,0.899999729150097,0.012094796999098278,71.56090270358133
6,0.8999976496464154,0.01186140436167671,71.53803674614694
6,0.8999999507216345,0.011850989563985946,71.53690230270264
6,0.8999983286463784,0.011860100288231663,71.53785918258531
6,0.8999991704738204,0.011857469893346972,71.53754898152368
7,0.8999997914927947,0.011897822599050385,71.54343235217233
7,0.8999996872906966,0.01175849792394183,71.52903170117797
7,0.8999997559708738,0.011895674669369959,71.54088824891184
7,0.8999973288962138,0.011993855174187554,71.5521592885202
7,0.8999998728971754,0.011777324244858438,71.53068896315727
7,0.899996199575641,0.011736205996886588,71.52735296576542
7,0.8999999258293107,0.011782200824943698,71.5311177647392
7,0.8999999297099877,0.011576803501805958,71.54629154862738
7,0.8999618195701317,0.011897822599050385,71.54452667669426
7,0.899999158733481,0.011959978731895204,71.54901138450356
8,0.7374999523162842,0.7750000357627869,90.77500664444092
8,0.8999907186167229,0.011820786066559502,71.53505882222356
8,0.5249999761581421,0.75,106.15462387531844
8,0.8374999761581421,0.17499999701976776,90.24037422147728
8,0.637499988079071,0.574999988079071,95.76692882466061
8,0.8999991076199201,0.011736205779016018,71.52708873311481
8,0.8999978713151615,0.011831512588402641,71.53536056138425
8,0.5375000238418579,0.375,104.0777302256847
8,0.8999996617601439,0.011619774437401092,71.5403640658096
8,0.8999912896503414,0.01182889162642491,71.53572571115096
9,0.8999997600477012,0.011736205779016018,71.52702945629207
9,0.8999999004539911,0.011736081918835396,71.52700568194702
9,0.899999901809541,0.03941029725983013,72.80070807669641
9,0.899999627389039,0.03896165147662701,72.74181328449767
9,0.8999997822493603,0.011736217710820337,71.52702850050592
9,0.8999999052262723,0.011764694270466737,71.52956293386993
9,0.8999997250778562,0.011736205779016018,71.52703263350156
9,0.8999999067437879,0.038957817306529204,72.74128657272782
9,0.899999125810317,0.03891090524822849,72.7351151812101
9,0.8999999563030896,0.038243994667837906,72.64366602928935
10,0.8999998574989175,0.011736994717400737,71.52709077986265
10,0.8999999744045539,0.011736344058278243,71.52702228098197
10,0.6875,0.07500000298023224,94.20657296786477
10,0.8999999504308364,0.011736082717667871,71.52700121232472
10,0.7875000238418579,0.2750000059604645,92.36075110382936
10,0.8999995451446928,0.011680663362060728,71.53181023363499
10,0.8999999565712522,0.011735950083437375,71.52698885631511
10,0.8999999686237729,0.011754825012228829,71.52867950008164
10,0.8999999504308364,0.011737729233744321,71.52714767271011
10,0.887499988079071,0.4749999940395355,99.43350024572658
11,0.8999987128926614,0.011744043923237914,71.52782179741304
11,0.899999973878462,0.011748320750563123,71.5281005637787
11,0.8999997948052184,0.01167009607499454,71.53326702196748
11,0.8999999713389817,0.011745726393773859,71.52785710889907
11,0.8999999239077713,0.011757638663337542,71.52893378746708
11,0.8999999721705555,0.011757322582658714,71.52890129285257
11,0.8999999752862504,0.011761248539911295,71.52925014651078
11,0.8999999177659862,0.011727565180470807,71.5264270761553
11,0.8999999636435738,0.011753549955387518,71.52856655709527
11,0.8999998933434865,0.011666190840682152,71.5338065751665
12,0.8999972639888323,0.011727572061949854,71.52666879670828
12,0.8999999565872525,0.011727298114246006,71.52639978925957
12,0.8999972018150514,0.011740306845899915,71.52762668147564
12,0.8999995617011542,0.011788902290103563,71.53174669949144
12,0.8999998588060775,0.011721637015557831,71.52605989861718
12,0.5874999761581421,0.675000011920929,99.70900748710443
12,0.8999994793842809,0.011779341084018694,71.53090405147256
12,0.8999972639888323,0.011731866590841002,71.52687025021332
12,0.5625,0.125,112.19352816687339
12,0.8999995548008335,0.011727648625278614,71.52646747695974
13,0.8999999654406233,0.01175433990732955,71.52863664726603
13,0.8999999751221052,0.011720675837176394,71.52618517494727
13,0.8999999664730305,0.011749828009963425,71.52823528772652
13,0.899997381571155,0.011758490470018399,71.52924053297832
13,0.8999999748304673,0.011720954916089236,71.52614620700835
13,0.8999992843784925,0.011750635094288541,71.52836904020367
13,0.8999999159812724,0.011750564720151327,71.52830539552949
13,0.899999582145028,0.01175154448400118,71.52842286309568
13,0.899999887001573,0.011722947093861187,71.52601901212739
13,0.8999998771117553,0.011758490470018399,71.52901379143127
14,0.899998818776587,0.0034424281749556467,74.53869517213279
14,0.8999999701792867,0.011745215183732064,71.5278117441164
14,0.8999999713733003,0.0038861138192654767,74.37459328029405
14,0.8999403466812186,0.003801156197845112,74.41123175394077
14,0.8999999588764526,0.011747841141108682,71.52805927148732
14,0.8999999431893824,0.0038861138192654767,74.37414261809124
14,0.8999999524863617,0.011681112601313427,71.53171592065934
14,0.8999988121536814,0.011703848377668274,71.52862816056395
14,0.8999999128476276,0.011747499929790437,71.52803310691444
14,0.8999999536325585,0.011715587564616478,71.5268997120734
15,0.5070695018807289,2.975720281799504e-06,146.33885544317346
15,0.8999999758506232,0.011215697095333209,71.6342717593321
15,0.5463473852775437,2.7848535429164224e-06,133.880439363024
15,0.8999999757318113,0.01265762120959617,71.61607922306415
15,0.518935403865682,3.992310477295026e-06,142.4648348184308
15,0.8999999744520875,0.01124462405597496,71.62334366119727
15,0.8999999761189134,0.012699071032514586,71.61980916827933
15,0.8999999756217384,0.012709865667873502,71.6209276625766
15,0.899999972355628,0.011612912686773356,71.54128769172614
15,0.8999999761214612,0.012676363136773686,71.617736074832
16,0.8999999748097903,0.011722983678898926,71.52601428932876
16,0.899999957104824,0.011721099144720077,71.52612742987579
16,0.8999999307596206,0.011722948094701903,71.52601512557789
16,0.8999999663237738,0.011722945940305842,71.52601170275663
16,0.8999999670300767,0.011723016020157287,71.52601787351212
16,0.8999999650167967,0.011722946342558806,71.52601185729088
16,0.8999998614938509,0.011723000919885393,71.52602611844567
16,0.8999999398449335,0.01172254092737096,71.52597807486309
16,0.8999998391212849,0.01172295202348641,71.52602380082783
16,0.8999998940635674,0.011722947826313586,71.52601843568189
17,0.899999973350978,0.01172258193500612,71.52597867912121
17,0.8999998369445107,0.011723122683153881,71.52603918198783
17,0.612500011920929,0.22500000894069672,94.14795833172396
17,0.8999992350144475,0.01172311341890556,71.52609304556172
17,0.8999999714392274,0.011722388902239807,71.52596167884501
17,0.8999999613593898,0.011722388902239807,71.52596259463719
17,0.762499988079071,0.5250000357627869,92.0982216432518
17,0.6625000238418579,0.7250000238418579,94.01359941145789
17,0.8624999523162842,0.32500001788139343,97.94659114840235
17,0.8999986136733558,0.011722548927619253,71.52609927468446
18,0.8999999603994366,0.011722388677299023,71.52596266183905
18,0.8999999197026275,0.011722386723021914,71.52596618543382
18,0.8999999590873351,0.011722388677299023,71.5259627810497
18,0.8999999654691351,0.011726873544492495,71.52636120994445
18,0.8999999673397816,0.011722388659835546,71.52596202972855
18,0.8999996710949668,0.011722446024849847,71.52599404846109
18,0.8999998837310758,0.011722388677299023,71.52596962746112
18,0.8999999072943337,0.011722430144057633,71.52597117591336
18,0.8999999597438604,0.011722379832986005,71.52596193452963
18,0.8999998224326254,0.011722478195071526,71.52598316099393
19,0.8999991739094619,0.06921050309470814,73.91896421129998
19,0.8999999308119435,0.01172238353710775,71.52596489266136
19,0.8999991871136854,0.06884130071640937,73.9267830841
19,0.8999999178503653,0.011722390091504348,71.52596665341125
19,0.8999999621704152,0.011722388677299023,71.52596250093895
19,0.8999992236240455,0.011722388677299023,71.52602960081342
19,0.8999999724291494,0.011722388677299023,71.52596156889385
19,0.8999999745299799,0.011722341110307951,71.52595714602437
19,0.8999986941924909,0.011722388677299023,71.52607770182175
19,0.8999998950660532,0.011722388677299023,71.52596859763311
20,0.8999999540979161,0.011721191265466406,71.52611479249049
20,0.518750011920929,0.21250000596046448,112.87737286136351
20,0.8999999666783443,0.011722856886156876,71.52600374749277
20,0.8125,0.625,95.13836408256722
20,0.8999999497481638,0.011722877559379202,71.52600712494161
20,0.8999999616050651,0.011722253696028953,71.52596577667873
20,0.8999999193341301,0.011720876209591762,71.52616150274575
20,0.512499988079071,0.42500001192092896,108.79697903197147
20,0.7124999761581421,0.02500000037252903,92.47859606954636
20,0.8999999573724936,0.011722323951352821,71.52595717822871
21,0.8999993466052336,0.011721797580756432,71.52607714812481
21,0.6187499761581421,0.4124999940395355,97.17428426352296
21,0.8999999690841008,0.011722909403565789,71.52600820133637
21,0.668749988079071,0.11250000447034836,95.00926847631273
21,0.8187500238418579,0.012500000186264515,80.40607566880068
21,0.8999989694524703,0.01173098473998328,71.52663685429332
21,0.899999620996648,0.01172209035407078,71.5260149859052
21,0.71875,0.612500011920929,91.23896146881265
21,0.8999998691777137,0.011722341179847717,71.52596672387767
21,0.8999998029232534,0.011722195364975112,71.52598621998496
22,0.8999999276848205,0.011721460767783201,71.52607918619175
22,0.8999999024791432,0.01172176171368657,71.5260390932677
22,0.8999999161485638,0.01172181142486372,71.52603108899558
22,0.8999996029771798,0.01172261509430329,71.52601527920518
22,0.899999946747127,0.011721595968013154,71.52605882028429
22,0.8999999524539466,0.01172145611884242,71.52607791673478
22,0.8999999415492825,0.011722613645032198,71.52598438964252
22,0.8999999393936399,0.011722321859679486,71.52595862558505
22,0.8999997195904718,0.011722330622964626,71.52597937523103
22,0.8999996557680066,0.011721611881747881,71.52607914032923
23,0.8999994055502034,0.011724882135132259,71.52623491130863
23,0.8999999733181466,0.011722631025308851,71.52598304962434
23,0.8999999517228796,0.01172229523531385,71.52596073875019
23,0.8999999761581421,0.011722467597477401,71.52596825156414
23,0.5687500238418579,0.7125000357627869,101.36541114665391
23,0.8999999694839985,0.011722498337980556,71.52597159289546
23,0.899999966645832,0.01172237137814305,71.52596055523901
23,0.8999999724214143,0.011724874548513778,71.52618273366944
23,0.8687499761581421,0.512499988079071,98.39163357083692
23,0.7687499523162842,0.3125,91.86592483568916
24,0.8999999730015633,0.011721781466124933,71.5260308699488
24,0.643750011920929,0.36250001192092896,95.31706098164763
24,0.8999999731546583,0.01172055974087897,71.52620154734898
24,0.6937500238418579,0.6625000238418579,91.9981902971164
24,0.8999999705199161,0.011720558988647392,71.52620185656677
24,0.8937499523162842,0.26250001788139343,98.53521952716281
24,0.899999944756239,0.011721807802530107,71.52602937872244
24,0.8999998199455091,0.011722238876567646,71.52597882210122
24,0.59375,0.0625,109.64328102443966
24,0.793749988079071,0.4625000059604645,94.01569707590899
25,0.8999999386433863,0.011720434495565153,71.52622171927352
25,0.8999998578144519,0.011722191995033965,71.52598243815252
25,0.8999999682139155,0.01172135964967146,71.52609017362109
25,0.8999994179194085,0.011722341179847717,71.52600772248225
25,0.8999999751449351,0.011722340594416476,71.52595704425603
25,0.7437499761581421,0.16250000894069672,83.85510440912485
25,0.84375,0.762499988079071,96.9657516944452
25,0.899999857276118,0.011722382260664441,71.52597146011455
25,0.8999999681953822,0.01172135964967146,71.52609017505749
25,0.8999993911645742,0.011722339733578013,71.52601002459382
26,0.8999999760835768,0.011723233179694583,71.52603637137848
26,0.8999999524639773,0.011723260989991774,71.52604099156105
26,0.8999999612945808,0.011723234388097583,71.5260378225296
26,0.8999999612620415,0.011723410629648955,71.52605350545844
26,0.8999999759692524,0.011723243232005048,71.52603727610682
26,0.8999999611797919,0.011723234388097583,71.52603783295953
26,0.8999999761514901,0.011723244258965041,71.52603735091849
26,0.8999999609473076,0.011723212897735948,71.52603594211298
26,0.543749988079071,0.5625,103.70835858819424
26,0.8999999761581421,0.01172330888764686,71.5260431002427
27,0.8999998790712499,0.011724444104400203,71.52615291927103
27,0.8999999760731715,0.011722271879669142,71.52596211529686
27,0.8999999741025607,0.011724444104400203,71.5261442852777
27,0.8999997755360589,0.01172222502793957,71.52598419751092
27,0.8999990357550067,0.01172485683644099,71.5262662580444
27,0.53125,0.1875,112.84228722683503
27,0.899999845698816,0.011724447304393808,71.52615623599299
27,0.8999999479725272,0.011724627842670917,71.52616300609816
27,0.8999999756421468,0.011722312364257212,71.52595649250007
27,0.899999968368008,0.01172219250921483,71.52597380126569
28,0.8999999749770855,0.011724415403254706,71.52614165234087
28,0.6312500238418579,0.7875000238418579,96.22571423620505
28,0.8999997926556484,0.011724825891046859,71.52619473721269
28,0.8999998424568999,0.011724154854436883,71.52613051184188
28,0.731249988079071,0.5875000357627869,90.92510550721008
28,0.8312499523162842,0.38750001788139343,96.24524727720049
28,0.78125,0.08749999850988388,81.89943106315242
28,0.899999974271524,0.01172414742580833,71.52611787502397
28,0.6812499761581421,0.2874999940395355,91.45894895916311
28,0.8812499642372131,0.6875,99.09091803311603
29,0.8999999756713405,0.011722278638257413,71.52596120217149
29,0.8999999749872648,0.011718383136553311,71.5265055006889
29,0.8999999755577396,0.011722516904478507,71.52597269291773
29,0.5562499761581421,0.3375000059604645,101.71432832437854
29,0.8999999721691649,0.011722356793648669,71.5259587558473
29,0.8999999761442242,0.01172550251233229,71.52623826375613
29,0.8999999754089304,0.011722356793648669,71.52595846150189
29,0.581250011920929,0.48750001192092896,100.25290117451893
29,0.8999999565100378,0.011722299102581536,71.52595982756364
29,0.8999999729801399,0.011725596776836404,71.52624693767673
30,0.899999965602196,0.011726137511794675,71.52629571555318
30,0.606249988079071,0.03750000149011612,108.22231453584658
30,0.65625,0.5375000238418579,94.43613748395603
30,0.8999999745458279,0.01172610310975075,71.52629184234425
30,0.8999999754333575,0.011726129316059642,71.52629409319859
30,0.8999999316914629,0.01172613816036727,71.52629885419465
30,0.7562500238418579,0.737500011920929,91.70754037320788
30,0.8999999500091991,0.011726137779072854,71.52629715602296
30,0.856249988079071,0.13750000298023224,86.27371463368674
30,0.8062499761581421,0.4375,94.76501629494825
31,0.899999975765284,0.011724002199134078,71.5261048187625
31,0.7062499523162842,0.23749999701976776,89.08268010042768
31,0.8999999761544597,0.011724002199134078,71.52610478340257
31,0.8999999745526587,0.011721987361001211,71.52600198379488
31,0.8999999745526587,0.01172198264253057,71.52600264302318
31,0.8999999747961139,0.011722287844062344,71.52595998381571
31,0.8999999681246412,0.011717085835038428,71.52668727848871
31,0.8999999761511898,0.011722167809831468,71.52597664907009
31,0.5062500238418579,0.637499988079071,110.15123298738924
31,0.8999999577057121,0.011721854230613568,71.52602188891458
32,0.8999999567668736,0.011722814661393941,71.5260008912978
32,0.7093750238418579,0.71875,91.47935981681887
32,0.8999997804623311,0.011722260097733677,71.52597891617646
32,0.8999997200273316,0.011722455801782166,71.5259904726085
32,0.8999988964821457,0.011722327842726756,71.52605391056403
32,0.8999995793283293,0.011722613425586644,71.52601727933335
32,0.5093749761581421,0.3187499940395355,110.68754519277272
32,0.8999999741300589,0.011722419641851344,71.52596416924989
32,0.8999999490731185,0.011722485029755238,71.52597226328228
32,0.8999994960553803,0.011722465884758868,71.52601171842663
33,0.899999970287417,0.011722312135175269,71.52595693936127
33,0.659375011920929,0.01875000074505806,101.0519910830789
33,0.809374988079071,0.11874999850988388,79.57984744598802
33,0.7593749761581421,0.21875,88.86454319275461
33,0.899999959752907,0.011722946458573757,71.52601234585659
33,0.609375,0.518750011920929,97.90764369598975
33,0.8999999691238347,0.011723007911744684,71.52601696188782
33,0.859375,0.41875001788139343,97.86092065504867
33,0.559374988079071,0.6187500357627869,102.20205737221384
33,0.8999998934522561,0.011721792151420453,71.52603554010489
34,0.8999999696143006,0.011722433484830057,71.52596581112415
34,0.8999999753393049,0.011722590109973922,71.52597922579335
34,0.8999999724914958,0.011722322020998141,71.52595563286599
34,0.8999999550775865,0.01172171302352087,71.52604182084349
34,0.899999806151388,0.011722423961278507,71.525979815071
34,0.8999998729751602,0.011722236473589474,71.52597504939665
34,0.899999938548146,0.011722157182719848,71.52598104707539
34,0.899999974538776,0.01172243128903192,71.52596516835979
34,0.8999998849258233,0.011718007185539276,71.52656500235636
34,0.8999999573128608,0.011721909208283091,71.52601423830856
35,0.8999999471181429,0.011722323407451937,71.5259580614858
35,0.8999999644861566,0.011722364185114038,71.52596011149417
35,0.8999999399400399,0.011722363408175849,71.5259622724807
35,0.8999998198438912,0.01172232019998083,71.52596933948446
35,0.8999994536219985,0.011722361622626572,71.52600629754052
35,0.8999999702865241,0.011722361588262365,71.52595935346753
35,0.8999998960617864,0.01172230957960057,71.52596304697788
35,0.8999999562985025,0.011726761623932333,71.52635208597167
35,0.8999999749987252,0.011722321349287156,71.5259553453136
35,0.899999973282498,0.011722374475747935,71.52596022786227
36,0.8999999399021006,0.011721457514939472,71.52607869412695
36,0.8999999739346167,0.011722416685335234,71.5259639239676
36,0.8999999751149359,0.01171762651721957,71.52661119825258
36,0.8999999760945794,0.01172228074439623,71.52596087512796
36,0.8999999410774978,0.011720790800221712,71.5261717508688
36,0.684374988079071,0.768750011920929,92.58721302998276
36,0.7843749523162842,0.5687500238418579,93.44316007182486
36,0.8843749761581421,0.3687500059604645,99.26051857549018
36,0.5843750238418579,0.16875000298023224,104.69647810951753
36,0.899999966931887,0.01172260986780102,71.52598174747587
37,0.6343749761581421,0.26875001192092896,94.14346467354399
37,0.534375011920929,0.46875,104.65514746542797
37,0.8999999644816635,0.011722459557881409,71.52596859714282
37,0.8999999644638939,0.01172225785305609,71.5259649744055
37,0.8999998764441319,0.01172232162207365,71.52596432365463
37,0.734375,0.06875000149011612,88.19330895796693
37,0.8999998747626067,0.011722321574322406,71.52596447217842
37,0.8999999663094972,0.011722298516562887,71.52595915023201
37,0.8343750238418579,0.668749988079071,96.42768636694038
37,0.8999999431369137,0.011722323517067219,71.52595843294985
38,0.8999999744139089,0.011721419410602011,71.52608134397617
38,0.8468749523162842,0.29375001788139343,96.39771362872855
38,0.8999998933228247,0.011722421171390832,71.52597164698986
38,0.6968749761581421,0.39375001192092896,91.80960422271158
38,0.6468750238418579,0.6937500238418579,95.09527737088959
38,0.8999999715276094,0.011721419410602011,71.5260815675901
38,0.8999998993626949,0.0117227510099968,71.52600044369339
38,0.546875,0.09375,116.71854389774037
38,0.8999998915645346,0.011722421171390832,71.52597180673571
38,0.746874988079071,0.4937500059604645,91.11687751667725
39,0.8999999759272198,0.011722321509493613,71.52595527520984
39,0.8999999755849717,0.011721889017080128,71.52601564364437
39,0.8999999476297008,0.011722369975927545,71.52596215817186
39,0.8968749642372131,0.793749988079071,99.94935153958338
39,0.899999973687754,0.011722321346059843,71.52595546413323
39,0.8999999733414733,0.011721872744643343,71.52601809091445
39,0.899999973719709,0.01172233515045054,71.52595668939631
39,0.8999999755849717,0.01172191485902731,71.52601203321545
39,0.899999963362911,0.01172232162207365,71.525956426741
39,0.8999999020273439,0.01172234175721643,71.52596379072673
40,0.8999998951009768,0.011722312057589637,71.5259627752103
40,0.8999998874746723,0.011722161223044834,71.52598443947093
40,0.8999999675676905,0.01172234425141817,71.52595805803675
40,0.899999915786095,0.011722332387166998,71.52596170704538
40,0.8999999572147752,0.0117223102084045,71.52595822134633
40,0.8999999748070011,0.011721035169225734,71.52613499653042
40,0.8999999752161634,0.011722312260991815,71.52595653993188
40,0.8999999753984695,0.011722338938366694,71.52595687388164
40,0.8999999032173112,0.011722321623895776,71.52596189136813
40,0.8999991745760056,0.011722335408523733,71.52602931773735
41,0.8999999757034556,0.01172132226951958,71.52609481581995
41,0.899999975635228,0.011721899539924158,71.5260141695837
41,0.8999999758624943,0.011721381415269926,71.52608654014266
41,0.7718750238418579,0.643750011920929,92.67315382203574
41,0.8999999743906316,0.011722704724558643,71.52598950913735
41,0.8999999745450165,0.011722335680241731,71.52595666154654
41,0.5718749761581421,0.24375000596046448,99.79009625773634
41,0.796875,0.19375000894069672,89.55067243449375
41,0.8999999374485635,0.011722305621758397,71.5259603935278
41,0.596875011920929,0.59375,98.92028440301858
42,0.8999997249295516,0.011722665214550145,71.52600865849955
42,0.8999999749198739,0.011722337400498802,71.52595678054233
42,0.8999999359346337,0.011722646587647219,71.52598783062933
42,0.8999999618650514,0.01172232275542512,71.52595666366115
42,0.8999996995968692,0.01172232162207365,71.52598039092386
42,0.8999998859064918,0.01172231923390313,71.52596325148845
42,0.8999999753425617,0.011722620725546931,71.52598194933644
42,0.8999996231296792,0.011721689265246062,71.52607085756395
42,0.8999999638502147,0.011722668005371391,71.52598719990397
42,0.8999999708947803,0.011722679788636376,71.52598760822306
43,0.8999999585718604,0.01172317357046986,71.52603265903409
43,0.8999998182472722,0.011722299567474736,71.5259704744131
43,0.8999999668209577,0.011722476790248737,71.5259699177596
43,0.8999999734031102,0.011722464593243847,71.52596823458713
43,0.8999999506056461,0.011723171933659116,71.52603323717216
43,0.8999999707744207,0.011722084078576707,71.52598876390152
43,0.8999999707491623,0.011722326190208536,71.5259561620958
43,0.8999999547762355,0.011722479122520934,71.5259712195702
43,0.8999999678655117,0.011723363492865378,71.52604871181265
43,0.871874988079071,0.04374999925494194,75.03949747155951
44,0.8999999669016662,0.01172601573700015,71.52628476356875
44,0.899999966313522,0.01172232162207365,71.52595615866625
44,0.671875,0.4437499940395355,93.39046752524149
44,0.899999968016722,0.011722188534979704,71.52597438373036
44,0.8999999738282412,0.011722375752791935,71.52596029189665
44,0.8218749761581421,0.543749988079071,95.69410009776057
44,0.8999999761567516,0.011722220901934817,71.52596923103005
44,0.621874988079071,0.14374999701976776,100.7195345639986
44,0.8999999761539506,0.011722258315456643,71.525964004124
44,0.8999999749544518,0.011722189299748895,71.52597373938762
45,0.8999999740878851,0.011721500871285605,71.52606998821588
45,0.8999999750411374,0.011722731110459577,71.52599179756533
45,0.899999975990436,0.01172313063279955,71.5260272563747
45,0.899999976000338,0.011721684623945428,71.52604416762705
45,0.8999999699777403,0.011719480480409699,71.52635257818467
45,0.8999999757903904,0.011723064356677314,71.52602137804566
45,0.7218749523162842,0.34375,90.95842519188476
45,0.8999999757820617,0.01172313063279955,71.52602727530804
45,0.8999999754148043,0.011723083713377382,71.52602313431
45,0.8999999694630374,0.011721500871285605,71.52607034652448
46,0.5218750238418579,0.7437500357627869,106.80617111494678
46,0.8999999499762501,0.011722330442176356,71.52595842768982
46,0.8999999670553283,0.011722039271117196,71.52599531217733
46,0.8999999548371324,0.01172259109731385,71.52598117633946
46,0.8999998594752162,0.0117224367120886,71.52597610482304
46,0.715624988079071,0.5062500238418579,91.31818147478873
46,0.8999999033337067,0.011722072047391174,71.5259956697209
46,0.515625,0.10625000298023224,122.4385959995085
46,0.8999999747263485,0.011722044484109984,71.5259939895547
46,0.8999997977601217,0.011722309320821333,71.52597069897942
47,0.8999998879601683,0.011721175059737354,71.52612218059143
47,0.8999999349398241,0.011721828741167768,71.52602721386502
47,0.8999999350890513,0.011721780161680618,71.5260339894367
47,0.8999999293256951,0.01172178567139156,71.52603366617576
47,0.8999999736859862,0.011722089187015027,71.52598782462043
47,0.8999999759044083,0.011722097805533538,71.52598644863806
47,0.8999999733396417,0.011721771205177981,71.52603227733205
47,0.8999998851346648,0.011722341999645586,71.52596534706393
47,0.8999999709405474,0.01172232010458868,71.52595577533621
47,0.8999999709405474,0.011722319753160156,71.52595582443489
48,0.8156249523162842,0.3062500059604645,94.72150358209703
48,0.8999994300936014,0.011722942897598603,71.52606015072581
48,0.8999999743439617,0.011722954953066642,71.52601177594633
48,0.8999999686102823,0.011722903451220582,71.52600771481185
48,0.8999999522249899,0.01172320741417653,71.52603624670436
48,0.8999999594922535,0.01172236675244817,71.52596079362446
48,0.8999999747954303,0.011723057628331883,71.52602086982972
48,0.8999999760257213,0.011722895143936245,71.52600630200031
48,0.8999995430629185,0.011722926603134723,71.52604843730094
48,0.8999999696524382,0.01172301703023066,71.52601772512388
49,0.5002753088243386,0.004894860220163669,147.32794757527245
49,0.5002753088243386,0.004915154531430355,147.3223163787193
49,0.500906861362721,0.004917737377385775,147.10983925902121
49,0.8999999356695664,0.01172232162207365,71.52595894279149
49,0.8999999345797873,0.01172232162207365,71.52595904180237
49,0.8999999756447373,0.01172232162207365,71.52595531089074
49,0.5004368113051353,0.00491465035734179,147.2688416587783
49,0.5000679811038597,0.004914644713013141,147.39203345306206
49,0.5001791682417733,0.004872987884044419,147.36566342587872
49,0.5009704419983076,0.004918671960001803,147.0882726686378
